8.274960521941488878e+01 1.053242187500000000e+02
8.285392878605770761e+01 1.048593750000000000e+02
8.292562359865470967e+01 1.043945312500000000e+02
8.296864983974359120e+01 1.039296875000000000e+02
8.299397786458334281e+01 1.034648437500000000e+02
8.300559895833333712e+01 1.030000000000000000e+02
8.300353741952790187e+01 1.025351562500000000e+02
-9.901171875000000000e+01 1.056579527243589780e+02
-9.903630183293269340e+01 1.057890625000000000e+02
-9.911727278930131035e+01 1.062539062500000000e+02
-9.918395169322708682e+01 1.067187500000000000e+02
-9.924667613636363228e+01 1.071835937500000000e+02
-9.931087561881187753e+01 1.076484375000000000e+02
-9.937059507978723616e+01 1.081132812500000000e+02
-9.942915633852690860e+01 1.085781250000000000e+02
-9.947656250000000000e+01 1.089196428571428612e+02
-9.950441028225806406e+01 1.090429687500000000e+02
-9.960316628556910246e+01 1.095078125000000000e+02
-9.968088942307691980e+01 1.099726562500000000e+02
-9.973463628762542044e+01 1.104375000000000000e+02
-9.977570485015772306e+01 1.109023437500000000e+02
-9.981475720434131915e+01 1.113671875000000000e+02
-9.984340500356125858e+01 1.118320312500000000e+02
-9.985816976584021631e+01 1.122968750000000000e+02
-9.986834137872628503e+01 1.127617187500000000e+02
-9.988283344504020533e+01 1.132265625000000000e+02
-9.989825099469496195e+01 1.136914062500000000e+02
-9.989759898560208740e+01 1.141562500000000000e+02
-9.988360184585492618e+01 1.146210937500000000e+02
-9.986756388346354640e+01 1.150859375000000000e+02
-9.985239361702127781e+01 1.155507812500000000e+02
-9.983782693614131176e+01 1.160156250000000000e+02
-9.981580779944289361e+01 1.164804687500000000e+02
-9.978199297550432334e+01 1.169453125000000000e+02
-9.973777379154078915e+01 1.174101562500000000e+02
-9.967993164062500000e+01 1.178750000000000000e+02
-9.961567632299269803e+01 1.183398437500000000e+02
-9.954458841463414842e+01 1.188046875000000000e+02
-9.947656250000000000e+01 1.191850142045454390e+02
-9.946744791666665719e+01 1.192695312500000000e+02
-9.941119384765625000e+01 1.197343750000000000e+02
-9.934619555594900930e+01 1.201992187500000000e+02
-9.926980234621450450e+01 1.206640625000000000e+02
-9.917939453124999716e+01 1.211289062500000000e+02
-9.906293034957627697e+01 1.215937500000000000e+02
-9.901171875000000000e+01 1.217639744718309771e+02
-9.895345142757659573e+01 1.220585937500000000e+02
-9.885230118189102200e+01 1.225234375000000000e+02
-9.872784470419847480e+01 1.229882812500000000e+02
-9.857976488797169168e+01 1.234531250000000000e+02
-9.854687500000000000e+01 1.235603966346153868e+02
-9.848008710488505812e+01 1.239179687500000000e+02
-9.839293323863635976e+01 1.243828125000000000e+02
-9.828783993320610080e+01 1.248476562500000000e+02
-9.814430696770334350e+01 1.253125000000000000e+02
-9.808203125000000000e+01 1.254907962328767042e+02
-9.802122320130814614e+01 1.257773437500000000e+02
-9.792020851109214163e+01 1.262421875000000000e+02
-9.780001307531381372e+01 1.267070312500000000e+02
-9.763234544836956275e+01 1.271718750000000000e+02
-9.761718750000000000e+01 1.272090624999999875e+02
-9.750991586538461320e+01 1.276367187500000000e+02
-9.736003989361702793e+01 1.281015625000000000e+02
-9.715500000000000114e+01 1.285664062500000000e+02
-9.715234375000000000e+01 1.285722903481012622e+02
-9.702644856770832860e+01 1.290312500000000000e+02
-9.686021717316513957e+01 1.294960937500000000e+02
-9.668750000000000000e+01 1.298293003318584056e+02
-9.664158950617283494e+01 1.299609375000000000e+02
-9.647421875000000568e+01 1.304257812500000000e+02
-9.625994318181818699e+01 1.308906250000000000e+02
-9.622265625000000000e+01 1.309655997983871032e+02
-9.609719669117646390e+01 1.313554687500000000e+02
-9.591060836226851904e+01 1.318203125000000000e+02
-9.575781250000000000e+01 1.321073029891304316e+02
-9.569329160094636677e+01 1.322851562500000000e+02
-9.551976751512097508e+01 1.327500000000000000e+02
-9.529296875000000000e+01 1.332035975302419502e+02
-9.528891488008720501e+01 1.332148437500000000e+02
-9.512731534090909236e+01 1.336796875000000000e+02
-9.491600590796019787e+01 1.341445312500000000e+02
-9.482812500000000000e+01 1.343065868692660558e+02
-9.471548368174060784e+01 1.346093750000000000e+02
-9.449795560747662648e+01 1.350742187500000000e+02
-9.436328125000000000e+01 1.352993774414062500e+02
-9.426202815594059814e+01 1.355390625000000000e+02
-9.403789062500000284e+01 1.360039062500000000e+02
-9.389843750000000000e+01 1.362328591417910388e+02
-9.379411613036303663e+01 1.364687500000000000e+02
-9.355683139534883708e+01 1.369335937500000000e+02
-9.343359375000000000e+01 1.371389898255814046e+02
-9.332277007450331041e+01 1.373984375000000000e+02
-9.309690785630840537e+01 1.378632812500000000e+02
-9.296875000000000000e+01 1.380679512593283391e+02
-9.285016741071427759e+01 1.383281250000000000e+02
-9.259960937500000000e+01 1.387929687500000000e+02
-9.250390625000000000e+01 1.389454956054687500e+02
-9.236363760964911762e+01 1.392578125000000000e+02
-9.211094555412371676e+01 1.397226562500000000e+02
-9.203906250000000000e+01 1.398351184475806406e+02
-9.187035472972972627e+01 1.401875000000000000e+02
-9.157421875000000000e+01 1.406308480852601122e+02
-9.156226135450160086e+01 1.406523437500000000e+02
-9.130013635023584584e+01 1.411171875000000000e+02
-9.110937500000000000e+01 1.413683763586956559e+02
-9.097341279644268752e+01 1.415820312500000000e+02
-9.064453125000000000e+01 1.419980664062499898e+02
-9.060851014760147848e+01 1.420468750000000000e+02
-9.025293560606060339e+01 1.425117187500000000e+02
-9.017968750000000000e+01 1.425950700431034477e+02
-8.986538973721590651e+01 1.429765625000000000e+02
-8.971484375000000000e+01 1.431342773437500000e+02
-8.943134014423077360e+01 1.434414062500000000e+02
-8.925000000000000000e+01 1.436237482734806576e+02
-8.897058572404371546e+01 1.439062500000000000e+02
-8.878515625000000000e+01 1.440896748310810835e+02
-8.848421694364162704e+01 1.443710937500000000e+02
-8.832031250000000000e+01 1.445277537983425304e+02
-8.793023382867133364e+01 1.448359375000000000e+02
-8.785546875000000000e+01 1.449015289493864884e+02
-8.739062500000000000e+01 1.452292668269230944e+02
-8.726623019366196843e+01 1.453007812500000000e+02
-8.692578125000000000e+01 1.455552220394736764e+02
-8.662292850378787534e+01 1.457656250000000000e+02
-8.646093750000000000e+01 1.459151551573426673e+02
-8.615832109899329794e+01 1.462304687500000000e+02
-8.599609375000000000e+01 1.464108558768656678e+02
-8.575934103260868824e+01 1.466953125000000000e+02
-8.553125000000000000e+01 1.469292147691082846e+02
-8.529113203642384633e+01 1.471601562500000000e+02
-8.506640625000000000e+01 1.473621419270833144e+02
-8.467903645833334281e+01 1.476250000000000000e+02
-8.460156250000000000e+01 1.476850818452381020e+02
-8.413671875000000000e+01 1.479719321646341541e+02
-8.391895411036036023e+01 1.480898437500000000e+02
-8.367187500000000000e+01 1.482960526315789593e+02
-8.341128077651515582e+01 1.485546875000000000e+02
-8.320703125000000000e+01 1.487997869318181756e+02
-8.305007102272728048e+01 1.490195312500000000e+02
-8.275334374999999909e+01 1.494843750000000000e+02
-8.274218750000000000e+01 1.495122656249999977e+02
-8.262839762369790719e+01 1.499492187500000000e+02
-8.258136478080568565e+01 1.504140625000000000e+02
-8.253310930676855151e+01 1.508789062500000000e+02
-8.241853460864486181e+01 1.513437500000000000e+02
-8.227734375000000000e+01 1.516261317172897236e+02
-8.221160827020202078e+01 1.518085937500000000e+02
-8.194998899647887924e+01 1.522734375000000000e+02
-8.181250000000000000e+01 1.524531010352760916e+02
-8.162199026639343913e+01 1.527382812500000000e+02
-8.134765625000000000e+01 1.530632205703883528e+02
-8.123507690429687500e+01 1.532031250000000000e+02
-8.088281250000000000e+01 1.535868683510638562e+02
-8.080836486816406250e+01 1.536679687500000000e+02
-8.041796875000000000e+01 1.540677343750000148e+02
-8.035262926706826647e+01 1.541328125000000000e+02
-7.995312500000000000e+01 1.545244525098425186e+02
-7.987332349785407359e+01 1.545976562500000000e+02
-7.948828125000000000e+01 1.549550859063745065e+02
-7.935928154904306098e+01 1.550625000000000000e+02
-7.902343750000000000e+01 1.553525471332644656e+02
-7.879354194972826519e+01 1.555273437500000000e+02
-7.855859375000000000e+01 1.557220755912161962e+02
-7.819071127300614421e+01 1.559921875000000000e+02
-7.809375000000000000e+01 1.560745035807291572e+02
-7.762890625000000000e+01 1.564257286405724017e+02
-7.758463541666665719e+01 1.564570312500000000e+02
-7.716406250000000000e+01 1.567853595492564978e+02
-7.694804687499998863e+01 1.569218750000000000e+02
-7.669921875000000000e+01 1.571107177734375000e+02
-7.623784398320896116e+01 1.573867187500000000e+02
-7.623437500000000000e+01 1.573893599076704390e+02
-7.576953125000000000e+01 1.577298579545454515e+02
-7.556791227409638623e+01 1.578515625000000000e+02
-7.530468750000000000e+01 1.580457638888888710e+02
-7.483984375000000000e+01 1.583090511273734080e+02
-7.482700276243093640e+01 1.583164062500000000e+02
-7.437500000000000000e+01 1.586239720394736707e+02
-7.408845248287670415e+01 1.587812500000000000e+02
-7.391015625000000000e+01 1.589082317073170714e+02
-7.344531250000000000e+01 1.591844308035714164e+02
-7.333340567129629051e+01 1.592460937500000000e+02
-7.298046875000000000e+01 1.594873417721519218e+02
-7.252363954741379359e+01 1.597109375000000000e+02
-7.251562500000000000e+01 1.597161899717514189e+02
-7.205078125000000000e+01 1.600008020437262246e+02
-7.167357197745901942e+01 1.601757812500000000e+02
-7.158593750000000000e+01 1.602326504321808329e+02
-7.112109375000000000e+01 1.604975961538461604e+02
-7.079570312499998863e+01 1.606406250000000000e+02
-7.065625000000000000e+01 1.607268846649484431e+02
-7.019140625000000000e+01 1.609714444571167746e+02
-6.988538411458333144e+01 1.611054687500000000e+02
-6.972656250000000000e+01 1.612017242739898961e+02
-6.926171875000000000e+01 1.614495523798932481e+02
-6.900848297574626145e+01 1.615703125000000000e+02
-6.879687500000000000e+01 1.617034367664319348e+02
-6.833203125000000000e+01 1.619516419491525596e+02
-6.816212284482759287e+01 1.620351562500000000e+02
-6.786718750000000000e+01 1.622227247807017534e+02
-6.740234375000000000e+01 1.624520161290322449e+02
-6.731108608128835158e+01 1.625000000000000000e+02
-6.693750000000000000e+01 1.627485491071428783e+02
-6.654203591417910957e+01 1.629648437500000000e+02
-6.647265625000000000e+01 1.630140335648148096e+02
-6.600781250000000000e+01 1.633118397887323852e+02
-6.579048295454545325e+01 1.634296875000000000e+02
-6.554296875000000000e+01 1.635954144021739012e+02
-6.507812500000000000e+01 1.638419074292452819e+02
-6.496803042763157521e+01 1.638945312500000000e+02
-6.461328125000000000e+01 1.641137258638211449e+02
-6.414843750000000000e+01 1.643185250946969802e+02
-6.405003991788321116e+01 1.643593750000000000e+02
-6.368359375000000000e+01 1.645676867219916915e+02
-6.321875000000000000e+01 1.647627163461538657e+02
-6.306616770038167630e+01 1.648242187500000000e+02
-6.275390625000000000e+01 1.649990317841880199e+02
-6.228906250000000000e+01 1.651864156151419536e+02
-6.198209021226415416e+01 1.652890625000000000e+02
-6.182421875000000000e+01 1.653691312799043089e+02
-6.135937500000000000e+01 1.655679687500000057e+02
-6.089453125000000000e+01 1.657182506214488455e+02
-6.079080578512396471e+01 1.657539062500000000e+02
-6.042968750000000000e+01 1.659322544642857054e+02
-5.996484375000000000e+01 1.661076552672955984e+02
-5.960799400252525260e+01 1.662187500000000000e+02
-5.950000000000000000e+01 1.662709032012195109e+02
-5.903515625000000000e+01 1.664680140398550918e+02
-5.857031250000000000e+01 1.666117665816326507e+02
-5.829957932692308020e+01 1.666835937500000000e+02
-5.810546875000000000e+01 1.667642515696346948e+02
-5.764062500000000000e+01 1.669226091533687963e+02
-5.717578125000000000e+01 1.670518824183976108e+02
-5.677896341463414842e+01 1.671484375000000000e+02
-5.671093750000000000e+01 1.671768973214285552e+02
-5.624609375000000000e+01 1.673421223958333428e+02
-5.578125000000000000e+01 1.674643507281553241e+02
-5.531640625000000000e+01 1.675651041666666572e+02
-5.509869462025316267e+01 1.676132812500000000e+02
-5.485156250000000000e+01 1.677053729363207708e+02
-5.438671875000000000e+01 1.678413178066037688e+02
-5.392187500000000000e+01 1.679457327927215147e+02
-5.345703125000000000e+01 1.680345859159779707e+02
-5.322460937500000000e+01 1.680781250000000000e+02
-5.299218750000000000e+01 1.681526754127358458e+02
-5.252734375000000000e+01 1.682747896634615188e+02
-5.206250000000000000e+01 1.683648792613636260e+02
-5.159765625000000000e+01 1.684371397694524433e+02
-5.113281250000000000e+01 1.685026007401315837e+02
-5.085888671875000000e+01 1.685429687500000000e+02
-5.066796875000000000e+01 1.685929285922897236e+02
-5.020312500000000000e+01 1.687065937499999961e+02
-4.973828125000000000e+01 1.687938878676470438e+02
-4.927343750000000000e+01 1.688647836538461604e+02
-4.880859375000000000e+01 1.689262382486072340e+02
-4.834375000000000000e+01 1.689849315900258944e+02
-4.817057291666667140e+01 1.690078125000000000e+02
-4.787890625000000000e+01 1.690773218457943869e+02
-4.741406250000000000e+01 1.691792712602459119e+02
-4.694921875000000000e+01 1.692553923233695627e+02
-4.648437500000000000e+01 1.693161892361111143e+02
-4.601953125000000000e+01 1.693755247201492580e+02
-4.555468750000000000e+01 1.694403754340277715e+02
-4.533120492788461320e+01 1.694726562500000000e+02
-4.508984375000000000e+01 1.695338795731707364e+02
-4.462500000000000000e+01 1.696222840665236049e+02
-4.416015625000000000e+01 1.696828154932950383e+02
-4.369531250000000000e+01 1.697329032790493102e+02
-4.323046875000000000e+01 1.697804997930463458e+02
-4.276562500000000000e+01 1.698285522460937500e+02
-4.230078125000000000e+01 1.698738606770833428e+02
-4.183593750000000000e+01 1.699175781250000057e+02
-4.160351562500000000e+01 1.699375000000000000e+02
-4.137109375000000000e+01 1.699716796875000000e+02
-4.090625000000000000e+01 1.700313025504484301e+02
-4.044140625000000000e+01 1.700872613755230134e+02
-3.997656250000000000e+01 1.701520432692307736e+02
-3.951171875000000000e+01 1.702193216463414558e+02
-3.904687500000000000e+01 1.702797804461414728e+02
-3.858203125000000000e+01 1.703327563622754610e+02
-3.811718750000000000e+01 1.703865416961756409e+02
-3.797415865384614619e+01 1.704023437500000000e+02
-3.765234375000000000e+01 1.704626840444711604e+02
-3.718750000000000000e+01 1.705345837823275872e+02
-3.672265625000000000e+01 1.706005329457364326e+02
-3.625781250000000000e+01 1.706635103798586783e+02
-3.579296875000000000e+01 1.707158074629934390e+02
-3.532812500000000000e+01 1.707610194830246826e+02
-3.486328125000000000e+01 1.708027005057803649e+02
-3.439843750000000000e+01 1.708455963968579283e+02
-3.421466206395349730e+01 1.708671875000000000e+02
-3.393359375000000000e+01 1.709234011627906966e+02
-3.346875000000000000e+01 1.710260091145833314e+02
-3.300390625000000000e+01 1.711177538336431212e+02
-3.253906250000000000e+01 1.711839115466101759e+02
-3.207421875000000000e+01 1.712347045898437443e+02
-3.160937500000000000e+01 1.712814453124999829e+02
-3.114453125000000000e+01 1.713228910639045068e+02
-3.100895182291667140e+01 1.713320312500000000e+02
-3.067968750000000000e+01 1.713727649806700981e+02
-3.021484375000000000e+01 1.713915678879310178e+02
-2.975000000000000000e+01 1.713918626237623641e+02
-2.928515625000000000e+01 1.713924609375000045e+02
-2.882031250000000000e+01 1.713981004124365484e+02
-2.835546875000000000e+01 1.714125734839109043e+02
-2.789062500000000000e+01 1.714181974085365994e+02
-2.742578125000000000e+01 1.714068597560975604e+02
-2.696093750000000000e+01 1.713699776785714164e+02
-2.665104166666667140e+01 1.713320312500000000e+02
-2.649609375000000000e+01 1.713208301957831168e+02
-2.603125000000000000e+01 1.712916100543478422e+02
-2.556640625000000000e+01 1.712676682692307679e+02
-2.510156250000000000e+01 1.712637973050458697e+02
-2.463671875000000000e+01 1.712676682692307679e+02
-2.417187500000000000e+01 1.712637155551118155e+02
-2.370703125000000000e+01 1.712428831335616337e+02
-2.324218750000000000e+01 1.712062088815789593e+02
-2.277734375000000000e+01 1.711577148437500000e+02
-2.231250000000000000e+01 1.711164228723404221e+02
-2.184765625000000000e+01 1.710913820519911610e+02
-2.138281250000000000e+01 1.710805930397727082e+02
-2.091796875000000000e+01 1.710784801136363455e+02
-2.045312500000000000e+01 1.710718893348623908e+02
-1.998828125000000000e+01 1.710479600694444571e+02
-1.952343750000000000e+01 1.710110677083333144e+02
-1.905859375000000000e+01 1.709777571298543535e+02
-1.859375000000000000e+01 1.709510861280487859e+02
-1.812890625000000000e+01 1.709096605329949057e+02
-1.778027343750000000e+01 1.708671875000000000e+02
-1.766406250000000000e+01 1.708587357954545496e+02
-1.719921875000000000e+01 1.708257364649681449e+02
-1.673437500000000000e+01 1.707918074324324209e+02
-1.626953125000000000e+01 1.707585010116906403e+02
-1.580468750000000000e+01 1.707170072115384585e+02
-1.533984375000000000e+01 1.706638183593750000e+02
-1.487500000000000000e+01 1.706054511542792795e+02
-1.441015625000000000e+01 1.705550460446860086e+02
-1.394531250000000000e+01 1.705156051713198053e+02
-1.348046875000000000e+01 1.704794034090909065e+02
-1.301562500000000000e+01 1.704312323446327753e+02
-1.283300781250000000e+01 1.704023437500000000e+02
-1.255078125000000000e+01 1.703766032166123807e+02
-1.208593750000000000e+01 1.703323839882943105e+02
-1.162109375000000000e+01 1.702901400862068897e+02
-1.115625000000000000e+01 1.702501826663668965e+02
-1.069140625000000000e+01 1.702096898764258412e+02
-1.022656250000000000e+01 1.701613839285714391e+02
-9.761718750000000000e+00 1.701003024193548470e+02
-9.296875000000000000e+00 1.700153927364864899e+02
-8.953776041666671404e+00 1.699375000000000000e+02
-8.832031250000000000e+00 1.699189062499999920e+02
-8.367187500000000000e+00 1.698505779979674912e+02
-7.902343750000000000e+00 1.697978473712446430e+02
-7.437500000000000000e+00 1.697458538925438347e+02
-6.972656250000000000e+00 1.696880196387614887e+02
-6.507812500000000000e+00 1.696223132621951208e+02
-6.042968750000000000e+00 1.695326360887096655e+02
-5.810546875000000000e+00 1.694726562500000000e+02
-5.578125000000000000e+00 1.694379015771027923e+02
-5.113281250000000000e+00 1.693652613146551857e+02
-4.648437500000000000e+00 1.692885066105769454e+02
-4.183593750000000000e+00 1.692090435606060623e+02
-3.718750000000000000e+00 1.691211326181592085e+02
-3.253906250000000000e+00 1.690236594460227479e+02
-3.182391826923080203e+00 1.690078125000000000e+02
-2.789062500000000000e+00 1.689573524876644797e+02
-2.324218750000000000e+00 1.689096060739436780e+02
-1.859375000000000000e+00 1.688592007434944264e+02
-1.394531250000000000e+00 1.688035061743951530e+02
-9.296875000000000000e-01 1.687368273542600718e+02
-4.648437500000000000e-01 1.686568080357142776e+02
0.000000000000000000e+00 1.685671513728323703e+02
1.130701013513402131e-01 1.685429687500000000e+02
4.648437500000000000e-01 1.684938531839622442e+02
9.296875000000000000e-01 1.684134221311475414e+02
1.394531250000000000e+00 1.683240961322869964e+02
1.859375000000000000e+00 1.682408203125000057e+02
2.324218750000000000e+00 1.681621645480226164e+02
2.749218749999997158e+00 1.680781250000000000e+02
2.789062500000000000e+00 1.680731087005395636e+02
3.253906250000000000e+00 1.680144961977186142e+02
3.718750000000000000e+00 1.679442193930041185e+02
4.183593750000000000e+00 1.678584969896789119e+02
4.648437500000000000e+00 1.677586939102563974e+02
5.113281250000000000e+00 1.676538199491278931e+02
5.264860733695655881e+00 1.676132812500000000e+02
5.578125000000000000e+00 1.675632459852430429e+02
6.042968750000000000e+00 1.674672383860153388e+02
6.507812500000000000e+00 1.673309788812785541e+02
6.967313218390813745e+00 1.671484375000000000e+02
6.972656250000000000e+00 1.671467593637184166e+02
7.437500000000000000e+00 1.670097656250000000e+02
7.902343750000000000e+00 1.668501049440298516e+02
8.300781249999985789e+00 1.666835937500000000e+02
8.367187500000000000e+00 1.666622216235632266e+02
8.832031250000000000e+00 1.665343146595528481e+02
9.296875000000000000e+00 1.664176696227477521e+02
9.761718750000000000e+00 1.662672776442307736e+02
9.872119140625017053e+00 1.662187500000000000e+02
1.022656250000000000e+01 1.661057800049800903e+02
1.069140625000000000e+01 1.659057396356784011e+02
1.096608664772725206e+01 1.657539062500000000e+02
1.115625000000000000e+01 1.656721954345703125e+02
1.162109375000000000e+01 1.654447969543147110e+02
1.185709134615385096e+01 1.652890625000000000e+02
1.208593750000000000e+01 1.651613800965665178e+02
1.254267351017441001e+01 1.648242187500000000e+02
1.255078125000000000e+01 1.648188757183908137e+02
1.301562500000000000e+01 1.645260613952020208e+02
1.326009837962965321e+01 1.643593750000000000e+02
1.348046875000000000e+01 1.642431640625000000e+02
1.394531250000000000e+01 1.640018028846153868e+02
1.414453125000000000e+01 1.638945312500000000e+02
1.441015625000000000e+01 1.637884832461977282e+02
1.487500000000000000e+01 1.636156249999999943e+02
1.531430288461538680e+01 1.634296875000000000e+02
1.533984375000000000e+01 1.634214455895389904e+02
1.580468750000000000e+01 1.632816122731854875e+02
1.626953125000000000e+01 1.631228003640776762e+02
1.663513869382023813e+01 1.629648437500000000e+02
1.673437500000000000e+01 1.629335244902482316e+02
1.719921875000000000e+01 1.627773437500000000e+02
1.766406250000000000e+01 1.625398437499999886e+02
1.772687922297299679e+01 1.625000000000000000e+02
1.812890625000000000e+01 1.622823170731707307e+02
1.847594713184932402e+01 1.620351562500000000e+02
1.859375000000000000e+01 1.619512576219512141e+02
1.905859375000000000e+01 1.616400390624999943e+02
1.916796875000000000e+01 1.615703125000000000e+02
1.952343750000000000e+01 1.613862626903553519e+02
1.998828125000000000e+01 1.611401154891304373e+02
2.004296875000000000e+01 1.611054687500000000e+02
2.045312500000000000e+01 1.608952379082914774e+02
2.080994168133801736e+01 1.606406250000000000e+02
2.091796875000000000e+01 1.605682672464622556e+02
2.138281250000000000e+01 1.602222656250000057e+02
2.144531250000000000e+01 1.601757812500000000e+02
2.184765625000000000e+01 1.599277040155440659e+02
2.224233490566038540e+01 1.597109375000000000e+02
2.231250000000000000e+01 1.596798182531380803e+02
2.277734375000000000e+01 1.595262735445205351e+02
2.324218750000000000e+01 1.593692145270270260e+02
2.355420590753425358e+01 1.592460937500000000e+02
2.370703125000000000e+01 1.592026842169260590e+02
2.417187500000000000e+01 1.590640120967741780e+02
2.463671875000000000e+01 1.588704351380814046e+02
2.481508902616280920e+01 1.587812500000000000e+02
2.510156250000000000e+01 1.586741338315217433e+02
2.556640625000000000e+01 1.584861111111110858e+02
2.589369419642858361e+01 1.583164062500000000e+02
2.603125000000000000e+01 1.582575395742358069e+02
2.649609375000000000e+01 1.580239202949438209e+02
2.674153125000000841e+01 1.578515625000000000e+02
2.696093750000000000e+01 1.576957341974431870e+02
2.729665798611111427e+01 1.573867187500000000e+02
2.742578125000000000e+01 1.572207031250000000e+02
2.769281914893616658e+01 1.569218750000000000e+02
2.789062500000000000e+01 1.566987499999999898e+02
2.835546875000000000e+01 1.565270761986301409e+02
2.882031250000000000e+01 1.564634428879310235e+02
2.884477796052630083e+01 1.564570312500000000e+02
2.928515625000000000e+01 1.563816511824324209e+02
2.975000000000000000e+01 1.562183277027027088e+02
3.012353515625000000e+01 1.559921875000000000e+02
3.021484375000000000e+01 1.559450604838709751e+02
3.067968750000000000e+01 1.556346153846153868e+02
3.080550986842104066e+01 1.555273437500000000e+02
3.114453125000000000e+01 1.552345525568181870e+02
3.132000206953642873e+01 1.550625000000000000e+02
3.160937500000000000e+01 1.547237766472868259e+02
3.172235785590277146e+01 1.545976562500000000e+02
3.201611328125000000e+01 1.541328125000000000e+02
3.207421875000000000e+01 1.539398584905660243e+02
3.220288085937500000e+01 1.536679687500000000e+02
3.216610646802325846e+01 1.532031250000000000e+02
3.207421875000000000e+01 1.530796508789062500e+02
3.177493578767123950e+01 1.527382812500000000e+02
3.160937500000000000e+01 1.526331861413043498e+02
3.114453125000000000e+01 1.524489083195364287e+02
3.067968750000000000e+01 1.523604258040935804e+02
3.021484375000000000e+01 1.523156960227272521e+02
2.975000000000000000e+01 1.522973437500000102e+02
2.928515625000000000e+01 1.522787500000000023e+02
2.915234375000000000e+01 1.522734375000000000e+02
2.882031250000000000e+01 1.522559621710526301e+02
2.835546875000000000e+01 1.522596643518518533e+02
2.820052083333334281e+01 1.522734375000000000e+02
2.789062500000000000e+01 1.522950581395348877e+02
2.742578125000000000e+01 1.523681278935185048e+02
2.696093750000000000e+01 1.524818157327586050e+02
2.649609375000000000e+01 1.526801757812500000e+02
2.640057791095890138e+01 1.527382812500000000e+02
2.603125000000000000e+01 1.529879195601851620e+02
2.579648042929292728e+01 1.532031250000000000e+02
2.556640625000000000e+01 1.534101917613636203e+02
2.522477409638554491e+01 1.536679687500000000e+02
2.510156250000000000e+01 1.537292056511975886e+02
2.463671875000000000e+01 1.539171922063252964e+02
2.417187500000000000e+01 1.541328125000000000e+02
2.370703125000000000e+01 1.543121815557065020e+02
2.324218750000000000e+01 1.545076864919354875e+02
2.304577464788732755e+01 1.545976562500000000e+02
2.277734375000000000e+01 1.547018015710382599e+02
2.231250000000000000e+01 1.548885400690184042e+02
2.193940172697369917e+01 1.550625000000000000e+02
2.184765625000000000e+01 1.550971898320895548e+02
2.138281250000000000e+01 1.552782285911602287e+02
2.091796875000000000e+01 1.554899066694630960e+02
2.083828124999999432e+01 1.555273437500000000e+02
2.045312500000000000e+01 1.556601562500000000e+02
1.998828125000000000e+01 1.558149818715469621e+02
1.952343750000000000e+01 1.559774772547468444e+02
1.948533555327870204e+01 1.559921875000000000e+02
1.905859375000000000e+01 1.561039096030042970e+02
1.859375000000000000e+01 1.562532327586206975e+02
1.812890625000000000e+01 1.564542140151515071e+02
1.812316743827159371e+01 1.564570312500000000e+02
1.766406250000000000e+01 1.566366810084541044e+02
1.719921875000000000e+01 1.568762461656441758e+02
1.711565133426967122e+01 1.569218750000000000e+02
1.673437500000000000e+01 1.571103949652777771e+02
1.626953125000000000e+01 1.573487126572327099e+02
1.620658365885415719e+01 1.573867187500000000e+02
1.580468750000000000e+01 1.575796289062500080e+02
1.537304687500000000e+01 1.578515625000000000e+02
1.533984375000000000e+01 1.578687789351851620e+02
1.487500000000000000e+01 1.581309504533678592e+02
1.460587993421052033e+01 1.583164062500000000e+02
1.441015625000000000e+01 1.584235307355966995e+02
1.394531250000000000e+01 1.586794022120786565e+02
1.376930370145632310e+01 1.587812500000000000e+02
1.348046875000000000e+01 1.589100378787878753e+02
1.301562500000000000e+01 1.591151156767955683e+02
1.275510817307693401e+01 1.592460937500000000e+02
1.255078125000000000e+01 1.593192974901574814e+02
1.208593750000000000e+01 1.595027985074626997e+02
1.169125884433961460e+01 1.597109375000000000e+02
1.162109375000000000e+01 1.597382812500000000e+02
1.115625000000000000e+01 1.599098571227477521e+02
1.069140625000000000e+01 1.601086072976878540e+02
1.054048295454546746e+01 1.601757812500000000e+02
1.022656250000000000e+01 1.602717013888888857e+02
9.761718750000000000e+00 1.604327300565326766e+02
9.321600731383000493e+00 1.606406250000000000e+02
9.296875000000000000e+00 1.606493956367924625e+02
8.832031250000000000e+00 1.608053005885650180e+02
8.367187500000000000e+00 1.609796270718232165e+02
8.075170272435897800e+00 1.611054687500000000e+02
7.902343750000000000e+00 1.611569209208015252e+02
7.437500000000000000e+00 1.612956321022727479e+02
6.972656250000000000e+00 1.614626368290960272e+02
6.715107685810806970e+00 1.615703125000000000e+02
6.507812500000000000e+00 1.616367187500000000e+02
6.042968750000000000e+00 1.617942162958115375e+02
5.578125000000000000e+00 1.619811743951612755e+02
5.456861413043483822e+00 1.620351562500000000e+02
5.113281250000000000e+00 1.621434075342465917e+02
4.648437500000000000e+00 1.623140625000000057e+02
4.240282012195123684e+00 1.625000000000000000e+02
4.183593750000000000e+00 1.625193684895833428e+02
3.718750000000000000e+00 1.626698467548077076e+02
3.253906250000000000e+00 1.628366109913793025e+02
2.925781250000014211e+00 1.629648437500000000e+02
2.789062500000000000e+00 1.630054414574235579e+02
2.324218750000000000e+00 1.631368359374999955e+02
1.859375000000000000e+00 1.632606534090909065e+02
1.394531250000000000e+00 1.633849909855769056e+02
1.215745192307707612e+00 1.634296875000000000e+02
9.296875000000000000e-01 1.634755979938271651e+02
4.648437500000000000e-01 1.635494507368995869e+02
0.000000000000000000e+00 1.636235559834123308e+02
-4.648437500000000000e-01 1.637110402960526301e+02
-9.296875000000000000e-01 1.638202662721893432e+02
-1.221566133720926928e+00 1.638945312500000000e+02
-1.394531250000000000e+00 1.639217748397435912e+02
-1.859375000000000000e+00 1.639814676765267052e+02
-2.324218750000000000e+00 1.640381415142276467e+02
-2.789062500000000000e+00 1.641052604166666526e+02
-3.253906250000000000e+00 1.641876346982758719e+02
-3.718750000000000000e+00 1.642823290745856468e+02
-4.058879573170727895e+00 1.643593750000000000e+02
-4.183593750000000000e+00 1.643767081567796424e+02
-4.648437500000000000e+00 1.644425039917883282e+02
-5.113281250000000000e+00 1.645118437499999970e+02
-5.578125000000000000e+00 1.645897216796875000e+02
-6.042968750000000000e+00 1.646786616161616337e+02
-6.507812500000000000e+00 1.647817187499999818e+02
-6.676846590909093493e+00 1.648242187500000000e+02
-6.972656250000000000e+00 1.648677492683946468e+02
-7.437500000000000000e+00 1.649451121794871824e+02
-7.902343750000000000e+00 1.650459433838911991e+02
-8.367187500000000000e+00 1.651769393844220986e+02
-8.732966188524585505e+00 1.652890625000000000e+02
-8.832031250000000000e+00 1.653088755122950886e+02
-9.296875000000000000e+00 1.653714816046099259e+02
-9.761718750000000000e+00 1.654144136235954932e+02
-1.022656250000000000e+01 1.654476138565891290e+02
-1.069140625000000000e+01 1.654842968750000125e+02
-1.115625000000000000e+01 1.655263877900843852e+02
-1.162109375000000000e+01 1.655817418981481524e+02
-1.208593750000000000e+01 1.656484777706185412e+02
-1.255078125000000000e+01 1.657169300426136545e+02
-1.286067708333332860e+01 1.657539062500000000e+02
-1.301562500000000000e+01 1.657641386595911968e+02
-1.348046875000000000e+01 1.657867890876205763e+02
-1.394531250000000000e+01 1.658089535361841911e+02
-1.441015625000000000e+01 1.658313802083333428e+02
-1.487500000000000000e+01 1.658504759022887356e+02
-1.533984375000000000e+01 1.658672015008960443e+02
-1.580468750000000000e+01 1.658785382699275317e+02
-1.626953125000000000e+01 1.658828410127737243e+02
-1.673437500000000000e+01 1.658889160156250000e+02
-1.719921875000000000e+01 1.658972039473684106e+02
-1.766406250000000000e+01 1.659070731561302807e+02
-1.812890625000000000e+01 1.659197916666666686e+02
-1.859375000000000000e+01 1.659357201360886904e+02
-1.905859375000000000e+01 1.659550781250000000e+02
-1.952343750000000000e+01 1.659801025390625000e+02
-1.998828125000000000e+01 1.660109627016128968e+02
-2.045312500000000000e+01 1.660315212673611143e+02
-2.091796875000000000e+01 1.660195312500000000e+02
-2.138281250000000000e+01 1.659814657426778126e+02
-2.184765625000000000e+01 1.659420572916666856e+02
-2.231250000000000000e+01 1.659209594726562500e+02
-2.277734375000000000e+01 1.659227752685546875e+02
-2.324218750000000000e+01 1.659398437499999943e+02
-2.370703125000000000e+01 1.659613571797520706e+02
-2.417187500000000000e+01 1.659914475495594672e+02
-2.463671875000000000e+01 1.660345666273584868e+02
-2.510156250000000000e+01 1.660900240384615358e+02
-2.556640625000000000e+01 1.661527210582386545e+02
-2.595377604166667140e+01 1.662187500000000000e+02
-2.603125000000000000e+01 1.662267370060137637e+02
-2.649609375000000000e+01 1.662836914062500000e+02
-2.696093750000000000e+01 1.663428317978087705e+02
-2.742578125000000000e+01 1.663989537444933831e+02
-2.789062500000000000e+01 1.664556849211165002e+02
-2.835546875000000000e+01 1.665303209459459595e+02
-2.882031250000000000e+01 1.666187973484848612e+02
-2.917669270833333428e+01 1.666835937500000000e+02
-2.928515625000000000e+01 1.666948529411764923e+02
-2.975000000000000000e+01 1.667302447356630637e+02
-3.021484375000000000e+01 1.667472945601851961e+02
-3.067968750000000000e+01 1.667616591125954244e+02
-3.114453125000000000e+01 1.667820312499999886e+02
-3.160937500000000000e+01 1.668063125000000184e+02
-3.207421875000000000e+01 1.668286250000000166e+02
-3.253906250000000000e+01 1.668442104928861909e+02
-3.300390625000000000e+01 1.668595839763374329e+02
-3.346875000000000000e+01 1.668789062500000000e+02
-3.393359375000000000e+01 1.668989109848484702e+02
-3.439843750000000000e+01 1.669233113789237564e+02
-3.486328125000000000e+01 1.669576761497641542e+02
-3.532812500000000000e+01 1.669997818845177733e+02
-3.579296875000000000e+01 1.670575462639664579e+02
-3.625781250000000000e+01 1.671397216796874829e+02
-3.629882812500000000e+01 1.671484375000000000e+02
-3.672265625000000000e+01 1.671999023437499829e+02
-3.718750000000000000e+01 1.672354868913857615e+02
-3.765234375000000000e+01 1.672192872908921970e+02
-3.802604166666667140e+01 1.671484375000000000e+02
-3.811718750000000000e+01 1.671184475806451530e+02
-3.858203125000000000e+01 1.668979634405339993e+02
-3.904687500000000000e+01 1.667079675795880007e+02
-3.910945012019230660e+01 1.666835937500000000e+02
-3.951171875000000000e+01 1.664834218002392277e+02
-3.997656250000000000e+01 1.663134728773584925e+02
-4.030255681818181301e+01 1.662187500000000000e+02
-4.044140625000000000e+01 1.661576562500000023e+02
-4.090625000000000000e+01 1.660000000000000000e+02
-4.137109375000000000e+01 1.658859641335227479e+02
-4.183593750000000000e+01 1.657909702034883708e+02
-4.201587701612902492e+01 1.657539062500000000e+02
-4.230078125000000000e+01 1.656599484707446948e+02
-4.276562500000000000e+01 1.655338253595132869e+02
-4.323046875000000000e+01 1.654279813218390700e+02
-4.369531250000000000e+01 1.653435614224138135e+02
-4.405450994318182723e+01 1.652890625000000000e+02
-4.416015625000000000e+01 1.652620367005814046e+02
-4.462500000000000000e+01 1.651646346275252313e+02
-4.508984375000000000e+01 1.650753173828125000e+02
-4.555468750000000000e+01 1.649859843750000152e+02
-4.601953125000000000e+01 1.649055664062500171e+02
-4.648437500000000000e+01 1.648362926136363740e+02
-4.655198863636364592e+01 1.648242187500000000e+02
-4.694921875000000000e+01 1.647144315326633262e+02
-4.741406250000000000e+01 1.645927775580168770e+02
-4.787890625000000000e+01 1.644914523754612503e+02
-4.834375000000000000e+01 1.644091241638795964e+02
-4.865364583333332860e+01 1.643593750000000000e+02
-4.880859375000000000e+01 1.643180555555555600e+02
-4.927343750000000000e+01 1.642149575242718527e+02
-4.973828125000000000e+01 1.641329640355603203e+02
-5.020312500000000000e+01 1.640661658653846189e+02
-5.066796875000000000e+01 1.640053658807829322e+02
-5.113281250000000000e+01 1.639414851641414259e+02
-5.143597146739129755e+01 1.638945312500000000e+02
-5.159765625000000000e+01 1.638545446908602230e+02
-5.206250000000000000e+01 1.637381352219626081e+02
-5.252734375000000000e+01 1.636475222280334663e+02
-5.299218750000000000e+01 1.635710848384030385e+02
-5.345703125000000000e+01 1.634956227836879350e+02
-5.383649553571429180e+01 1.634296875000000000e+02
-5.392187500000000000e+01 1.634059170809659065e+02
-5.438671875000000000e+01 1.632884114583333428e+02
-5.485156250000000000e+01 1.631912024456521522e+02
-5.531640625000000000e+01 1.630981853834661592e+02
-5.578125000000000000e+01 1.629838522304832509e+02
-5.584002334770114828e+01 1.629648437500000000e+02
-5.624609375000000000e+01 1.627882031249999955e+02
-5.671093750000000000e+01 1.626037101593625493e+02
-5.697124999999999773e+01 1.625000000000000000e+02
-5.717578125000000000e+01 1.623912067819148888e+02
-5.764062500000000000e+01 1.621753777117768607e+02
-5.798688616071428470e+01 1.620351562500000000e+02
-5.810546875000000000e+01 1.619683683548850581e+02
-5.857031250000000000e+01 1.617291341145833314e+02
-5.892990860849057100e+01 1.615703125000000000e+02
-5.903515625000000000e+01 1.615076369382022392e+02
-5.950000000000000000e+01 1.612522615131578902e+02
-5.982086559734513287e+01 1.611054687500000000e+02
-5.996484375000000000e+01 1.610165642076502763e+02
-6.042968750000000000e+01 1.607782187500000077e+02
-6.076692708333332860e+01 1.606406250000000000e+02
-6.089453125000000000e+01 1.605706485215053760e+02
-6.135937500000000000e+01 1.603423502604166799e+02
-6.173298773364486181e+01 1.601757812500000000e+02
-6.182421875000000000e+01 1.601196794181034306e+02
-6.228906250000000000e+01 1.598489697052401652e+02
-6.254397681451612812e+01 1.597109375000000000e+02
-6.275390625000000000e+01 1.595671184392265332e+02
-6.321875000000000000e+01 1.592908276673639989e+02
-6.329002604166667112e+01 1.592460937500000000e+02
-6.368359375000000000e+01 1.589663062796208521e+02
-6.400104801829269263e+01 1.587812500000000000e+02
-6.414843750000000000e+01 1.586782448508522521e+02
-6.461328125000000000e+01 1.583990024535123950e+02
-6.476470762310606233e+01 1.583164062500000000e+02
-6.507812500000000000e+01 1.581105799129353215e+02
-6.554296875000000000e+01 1.578772850790513758e+02
-6.559264670801528041e+01 1.578515625000000000e+02
-6.600781250000000000e+01 1.575726562499999943e+02
-6.626136363636364024e+01 1.573867187500000000e+02
-6.647265625000000000e+01 1.571942675159235705e+02
-6.673828125000000000e+01 1.569218750000000000e+02
-6.693750000000000000e+01 1.567188736155063395e+02
-6.719769555817609330e+01 1.564570312500000000e+02
-6.740234375000000000e+01 1.562721502130681870e+02
-6.773083333333332234e+01 1.559921875000000000e+02
-6.786718750000000000e+01 1.558704427083333428e+02
-6.824640213815789025e+01 1.555273437500000000e+02
-6.833203125000000000e+01 1.554439102564102484e+02
-6.872607098509934076e+01 1.550625000000000000e+02
-6.879687500000000000e+01 1.549939653445512704e+02
-6.922921219405594684e+01 1.545976562500000000e+02
-6.926171875000000000e+01 1.545670744243421098e+02
-6.972656250000000000e+01 1.541525930851063890e+02
-6.974946120689655515e+01 1.541328125000000000e+02
-7.019140625000000000e+01 1.537410446233624555e+02
-7.027902077879581100e+01 1.536679687500000000e+02
-7.065625000000000000e+01 1.533389697488584602e+02
-7.082432909604520432e+01 1.532031250000000000e+02
-7.112109375000000000e+01 1.529468940548780438e+02
-7.139176226265823288e+01 1.527382812500000000e+02
-7.158593750000000000e+01 1.525742187500000000e+02
-7.202536010742187500e+01 1.522734375000000000e+02
-7.205078125000000000e+01 1.522535966082317032e+02
-7.251562500000000000e+01 1.519228010506465694e+02
-7.269835668103448256e+01 1.518085937500000000e+02
-7.298046875000000000e+01 1.515988181089743421e+02
-7.336904907226562500e+01 1.513437500000000000e+02
-7.344531250000000000e+01 1.512845880681818187e+02
-7.391015625000000000e+01 1.509531250000000000e+02
-7.402055664062498863e+01 1.508789062500000000e+02
-7.437500000000000000e+01 1.506139018691588660e+02
-7.466993534482759287e+01 1.504140625000000000e+02
-7.483984375000000000e+01 1.502756539676966270e+02
-7.528339694656489200e+01 1.499492187500000000e+02
-7.530468750000000000e+01 1.499305002097315480e+02
-7.576953125000000000e+01 1.495393110795454561e+02
-7.583899066091953500e+01 1.494843750000000000e+02
-7.623437500000000000e+01 1.491454741379310462e+02
-7.638565551035503631e+01 1.490195312500000000e+02
-7.669921875000000000e+01 1.487420852421466009e+02
-7.691101146449705084e+01 1.485546875000000000e+02
-7.716406250000000000e+01 1.483171006944444343e+02
-7.742296281645569422e+01 1.480898437500000000e+02
-7.762890625000000000e+01 1.479049627130681870e+02
-7.798856637773722866e+01 1.476250000000000000e+02
-7.809375000000000000e+01 1.475349365234374943e+02
-7.855859375000000000e+01 1.471864300271739125e+02
-7.859456380208332860e+01 1.471601562500000000e+02
-7.902343750000000000e+01 1.468120848429951764e+02
-7.917451171875001137e+01 1.466953125000000000e+02
-7.948828125000000000e+01 1.464132724719100906e+02
-7.968548768939393767e+01 1.462304687500000000e+02
-7.995312500000000000e+01 1.459561820652174049e+02
-8.012356770833332575e+01 1.457656250000000000e+02
-8.041796875000000000e+01 1.454385127314814952e+02
-8.053123017131980532e+01 1.453007812500000000e+02
-8.088281250000000000e+01 1.448596238057324683e+02
-8.089926714601770641e+01 1.448359375000000000e+02
-8.117463107638889142e+01 1.443710937500000000e+02
-8.134765625000000000e+01 1.441239149305555713e+02
-8.146145617219917767e+01 1.439062500000000000e+02
-8.174498079608937928e+01 1.434414062500000000e+02
-8.181250000000000000e+01 1.433423411885245855e+02
-8.200239361702128349e+01 1.429765625000000000e+02
-8.227734375000000000e+01 1.425542534722222285e+02
-8.230025858274647987e+01 1.425117187500000000e+02
-8.254831901658766924e+01 1.420468750000000000e+02
-8.274218750000000000e+01 1.417546874999999886e+02
-8.283238106343284812e+01 1.415820312500000000e+02
-8.308068910256410788e+01 1.411171875000000000e+02
-8.320703125000000000e+01 1.409185042842741780e+02
-8.334119347052845228e+01 1.406523437500000000e+02
-8.362350975433525946e+01 1.401875000000000000e+02
-8.367187500000000000e+01 1.401171875000000000e+02
-8.387869975220263541e+01 1.397226562500000000e+02
-8.413671875000000000e+01 1.393242187500000000e+02
-8.417260742187500000e+01 1.392578125000000000e+02
-8.442555370145630889e+01 1.387929687500000000e+02
-8.460156250000000000e+01 1.385358211436169995e+02
-8.472307767116183186e+01 1.383281250000000000e+02
-8.504980468750000000e+01 1.378632812500000000e+02
-8.506640625000000000e+01 1.378418269230769226e+02
-8.535752051767676107e+01 1.373984375000000000e+02
-8.553125000000000000e+01 1.371765120967741893e+02
-8.570556640625000000e+01 1.369335937500000000e+02
-8.599609375000000000e+01 1.365962071572580498e+02
-8.610434503424656327e+01 1.364687500000000000e+02
-8.646093750000000000e+01 1.360896541262135884e+02
-8.654196530963301370e+01 1.360039062500000000e+02
-8.692578125000000000e+01 1.356129161799065344e+02
-8.699998166079811313e+01 1.355390625000000000e+02
-8.739062500000000000e+01 1.351351448725728233e+02
-8.744819739105504652e+01 1.350742187500000000e+02
-8.785245028409090651e+01 1.346093750000000000e+02
-8.785546875000000000e+01 1.346057715600775282e+02
-8.821827362804877737e+01 1.341445312500000000e+02
-8.832031250000000000e+01 1.340283203125000000e+02
-8.860883620689655515e+01 1.336796875000000000e+02
-8.878515625000000000e+01 1.334791666666666572e+02
-8.899689136125654443e+01 1.332148437500000000e+02
-8.925000000000000000e+01 1.329088706487341653e+02
-8.936953124999999432e+01 1.327500000000000000e+02
-8.971484375000000000e+01 1.323209134615384812e+02
-8.974170138888888459e+01 1.322851562500000000e+02
-9.006077398255814614e+01 1.318203125000000000e+02
-9.017968750000000000e+01 1.316526639344262435e+02
-9.034832848837208985e+01 1.313554687500000000e+02
-9.061870659722222854e+01 1.308906250000000000e+02
-9.064453125000000000e+01 1.308456401209677438e+02
-9.082364535550459550e+01 1.304257812500000000e+02
-9.104413377192982182e+01 1.299609375000000000e+02
-9.110937500000000000e+01 1.298296874999999773e+02
-9.122464113313007772e+01 1.294960937500000000e+02
-9.137687942216980730e+01 1.290312500000000000e+02
-9.155519005847952485e+01 1.285664062500000000e+02
-9.157421875000000000e+01 1.285218321917808169e+02
-9.169087155418250745e+01 1.281015625000000000e+02
-9.184288990825687904e+01 1.276367187500000000e+02
-9.203634411549707295e+01 1.271718750000000000e+02
-9.203906250000000000e+01 1.271653279049295691e+02
-9.216767539525692143e+01 1.267070312500000000e+02
-9.232239583333333144e+01 1.262421875000000000e+02
-9.250390625000000000e+01 1.258532366071428612e+02
-9.253125000000000000e+01 1.257773437500000000e+02
-9.271028084590517437e+01 1.253125000000000000e+02
-9.294002370084270126e+01 1.248476562500000000e+02
-9.296875000000000000e+01 1.247920771059782510e+02
-9.312306288422131217e+01 1.243828125000000000e+02
-9.332164185209424545e+01 1.239179687500000000e+02
-9.343359375000000000e+01 1.236928865131579016e+02
-9.352119891826923492e+01 1.234531250000000000e+02
-9.369547755281689660e+01 1.229882812500000000e+02
-9.389843750000000000e+01 1.225471540178571388e+02
-9.390656413898601329e+01 1.225234375000000000e+02
-9.405087613866396623e+01 1.220585937500000000e+02
-9.421537642045454675e+01 1.215937500000000000e+02
-9.436328125000000000e+01 1.212492187499999829e+02
-9.439941751325088148e+01 1.211289062500000000e+02
-9.453024553571428612e+01 1.206640625000000000e+02
-9.467780239427860067e+01 1.201992187500000000e+02
-9.482812500000000000e+01 1.197963541666666742e+02
-9.484393601190475920e+01 1.197343750000000000e+02
-9.494969951923076223e+01 1.192695312500000000e+02
-9.506054687500000000e+01 1.188046875000000000e+02
-9.518569711538461320e+01 1.183398437500000000e+02
-9.529296875000000000e+01 1.179973273026315610e+02
-9.531908356741573130e+01 1.178750000000000000e+02
-9.540280524789029926e+01 1.174101562500000000e+02
-9.544445800781250000e+01 1.169453125000000000e+02
-9.543584280303029743e+01 1.164804687500000000e+02
-9.539793346774193594e+01 1.160156250000000000e+02
-9.533444179832713417e+01 1.155507812500000000e+02
-9.529296875000000000e+01 1.153231026785714164e+02
-9.522731285310734961e+01 1.150859375000000000e+02
-9.510703125000000568e+01 1.146210937500000000e+02
-9.502384868421052033e+01 1.141562500000000000e+02
-9.496174405364372717e+01 1.136914062500000000e+02
-9.490179834905660528e+01 1.132265625000000000e+02
-9.483300098339161366e+01 1.127617187500000000e+02
-9.482812500000000000e+01 1.127332589285714448e+02
-9.472067368090452533e+01 1.122968750000000000e+02
-9.462424616228069851e+01 1.118320312500000000e+02
-9.454662599601593342e+01 1.113671875000000000e+02
-9.447560408921933117e+01 1.109023437500000000e+02
-9.440420059419014365e+01 1.104375000000000000e+02
-9.436328125000000000e+01 1.101792534722222285e+02
-9.431105161516853741e+01 1.099726562500000000e+02
-9.421516927083332860e+01 1.095078125000000000e+02
-9.414331054687500000e+01 1.090429687500000000e+02
-9.408320802824268014e+01 1.085781250000000000e+02
-9.402538278112450598e+01 1.081132812500000000e+02
-9.396637620192308304e+01 1.076484375000000000e+02
-9.389843750000000000e+01 1.072068359375000028e+02
-9.389280303030302832e+01 1.071835937500000000e+02
-9.375540865384616041e+01 1.067187500000000000e+02
-9.361096833881578050e+01 1.062539062500000000e+02
-9.346615089980545577e+01 1.057890625000000000e+02
-9.343359375000000000e+01 1.056971153846153726e+02
6.650344060430464310e+01 1.030000000000000000e+02
6.648836043074325630e+01 1.034648437500000000e+02
6.661892174030171532e+01 1.039296875000000000e+02
6.693750000000000000e+01 1.043186883223684163e+02
6.700813802083331439e+01 1.043945312500000000e+02
6.740234375000000000e+01 1.047282157676348504e+02
6.760496794871795601e+01 1.048593750000000000e+02
6.786718750000000000e+01 1.050541666666666600e+02
6.831373031496062254e+01 1.053242187500000000e+02
6.833203125000000000e+01 1.053385657793210015e+02
6.879687500000000000e+01 1.056728515625000000e+02
6.906330983231706000e+01 1.057890625000000000e+02
6.926171875000000000e+01 1.059899209104938222e+02
6.945540364583334281e+01 1.057890625000000000e+02
6.959167480468750000e+01 1.053242187500000000e+02
6.961871874999999932e+01 1.048593750000000000e+02
6.959193065068492956e+01 1.043945312500000000e+02
6.954476717202970804e+01 1.039296875000000000e+02
6.951102443972177980e+01 1.034648437500000000e+02
6.952028360939908680e+01 1.030000000000000000e+02
8.139291735197369348e+01 1.025351562500000000e+02
8.134765625000000000e+01 1.027005333533653868e+02
8.129061498397436480e+01 1.030000000000000000e+02
8.117729914825045512e+01 1.034648437500000000e+02
8.104541943916350988e+01 1.039296875000000000e+02
8.089999358316222811e+01 1.043945312500000000e+02
8.088281250000000000e+01 1.044443359374999858e+02
8.076196923743501088e+01 1.048593750000000000e+02
8.059960214120368960e+01 1.053242187500000000e+02
8.041796875000000000e+01 1.056720273714538934e+02
8.035047609918200351e+01 1.057890625000000000e+02
7.999558145491803884e+01 1.062539062500000000e+02
7.995312500000000000e+01 1.063029032939189165e+02
7.951351562499999659e+01 1.067187500000000000e+02
7.948828125000000000e+01 1.067529826792635532e+02
7.907218515917602986e+01 1.071835937500000000e+02
7.907100290697673017e+01 1.076484375000000000e+02
7.948828125000000000e+01 1.079515281883445965e+02
7.965686894806339069e+01 1.081132812500000000e+02
7.995312500000000000e+01 1.083909601897689896e+02
8.012041390117994411e+01 1.085781250000000000e+02
8.037923177083334281e+01 1.090429687500000000e+02
8.041796875000000000e+01 1.091751720183486327e+02
8.060016881281404721e+01 1.095078125000000000e+02
8.073819444444444571e+01 1.099726562500000000e+02
8.081913527397259145e+01 1.104375000000000000e+02
8.085909598214286120e+01 1.109023437500000000e+02
8.081238162878790376e+01 1.113671875000000000e+02
8.041796875000000000e+01 1.115118055555555685e+02
8.019627403846155289e+01 1.118320312500000000e+02
7.995312500000000000e+01 1.119654041402953766e+02
7.948828125000000000e+01 1.122785946278089853e+02
7.945998641304348098e+01 1.122968750000000000e+02
7.902343750000000000e+01 1.125460220223324939e+02
7.865973130230125321e+01 1.127617187500000000e+02
7.855859375000000000e+01 1.129343749999999886e+02
7.843684895833334281e+01 1.132265625000000000e+02
7.855859375000000000e+01 1.135822690217391369e+02
7.858890964673915391e+01 1.136914062500000000e+02
7.880395457474227783e+01 1.141562500000000000e+02
7.895780192214698445e+01 1.146210937500000000e+02
7.902343750000000000e+01 1.150452636718750057e+02
7.903281475144092383e+01 1.150859375000000000e+02
7.902626329787233317e+01 1.155507812500000000e+02
7.902343750000000000e+01 1.155657762096774377e+02
7.896928094660194120e+01 1.160156250000000000e+02
7.888473412298387188e+01 1.164804687500000000e+02
7.878251848118279099e+01 1.169453125000000000e+02
7.865627830615943594e+01 1.174101562500000000e+02
7.855859375000000000e+01 1.176834089949324209e+02
7.850130997474747119e+01 1.178750000000000000e+02
7.832617187500000000e+01 1.183398437500000000e+02
7.809375000000000000e+01 1.187307350852272521e+02
7.804748593009477986e+01 1.188046875000000000e+02
7.767365056818184144e+01 1.192695312500000000e+02
7.762890625000000000e+01 1.193162753142458143e+02
7.725656871890546995e+01 1.197343750000000000e+02
7.716406250000000000e+01 1.198359801912568230e+02
7.682918765743073664e+01 1.201992187500000000e+02
7.669921875000000000e+01 1.203683913934426073e+02
7.644802184888578722e+01 1.206640625000000000e+02
7.636356534090910486e+01 1.211289062500000000e+02
7.657113828681710288e+01 1.215937500000000000e+02
7.669921875000000000e+01 1.217949510261194064e+02
7.683885560770750089e+01 1.220585937500000000e+02
7.700019671762589724e+01 1.225234375000000000e+02
7.705350070529513573e+01 1.229882812500000000e+02
7.702227307192373473e+01 1.234531250000000000e+02
7.693454071969696884e+01 1.239179687500000000e+02
7.681276836832060440e+01 1.243828125000000000e+02
7.669921875000000000e+01 1.247369791666666572e+02
7.666595622763864526e+01 1.248476562500000000e+02
7.652699246852517945e+01 1.253125000000000000e+02
7.637963867187500000e+01 1.257773437500000000e+02
7.623437500000000000e+01 1.261570428527227534e+02
7.620344115332733281e+01 1.262421875000000000e+02
7.603274585980037159e+01 1.267070312500000000e+02
7.584204687499999409e+01 1.271718750000000000e+02
7.576953125000000000e+01 1.273151865118577177e+02
7.561916589648799913e+01 1.276367187500000000e+02
7.536339447463768693e+01 1.281015625000000000e+02
7.530468750000000000e+01 1.281880120998475547e+02
7.505744988794819506e+01 1.285664062500000000e+02
7.483984375000000000e+01 1.288546339050131735e+02
7.469832683668076356e+01 1.290312500000000000e+02
7.437500000000000000e+01 1.294145422149122737e+02
7.429807550236407110e+01 1.294960937500000000e+02
7.391015625000000000e+01 1.299371954805107521e+02
7.388541666666665719e+01 1.299609375000000000e+02
7.349970910904255561e+01 1.304257812500000000e+02
7.344531250000000000e+01 1.305158831222466915e+02
7.320901692708332575e+01 1.308906250000000000e+02
7.303293143044618319e+01 1.313554687500000000e+02
7.298046875000000000e+01 1.315388474770642233e+02
7.290279865506329315e+01 1.318203125000000000e+02
7.278937824769053577e+01 1.322851562500000000e+02
7.266813553370786849e+01 1.327500000000000000e+02
7.251562500000000000e+01 1.331715353260869392e+02
7.250094572368422519e+01 1.332148437500000000e+02
7.232381578947368439e+01 1.336796875000000000e+02
7.210988118887530618e+01 1.341445312500000000e+02
7.205078125000000000e+01 1.342478298611111143e+02
7.186023719031530277e+01 1.346093750000000000e+02
7.158593750000000000e+01 1.350337271341463463e+02
7.155976386542792511e+01 1.350742187500000000e+02
7.125390625000000000e+01 1.355390625000000000e+02
7.112109375000000000e+01 1.357210298042704721e+02
7.092286860972566842e+01 1.360039062500000000e+02
7.065625000000000000e+01 1.363614783653846132e+02
7.057442801339286120e+01 1.364687500000000000e+02
7.019140625000000000e+01 1.369223588557401854e+02
7.018135557432430005e+01 1.369335937500000000e+02
6.972656250000000000e+01 1.373971569387052512e+02
6.972520727040816269e+01 1.373984375000000000e+02
6.926171875000000000e+01 1.377998934659090935e+02
6.917968750000000000e+01 1.378632812500000000e+02
6.879687500000000000e+01 1.381435219796650813e+02
6.850235567748089238e+01 1.383281250000000000e+02
6.833203125000000000e+01 1.384399671052631788e+02
6.786718750000000000e+01 1.386965838254592995e+02
6.764462594696968267e+01 1.387929687500000000e+02
6.740234375000000000e+01 1.389317762586805429e+02
6.693750000000000000e+01 1.391297222222222274e+02
6.647265625000000000e+01 1.392547743055555713e+02
6.600781250000000000e+01 1.391732954545454390e+02
6.580584590517241850e+01 1.387929687500000000e+02
6.565565814393940514e+01 1.383281250000000000e+02
6.556944719145570843e+01 1.378632812500000000e+02
6.554296875000000000e+01 1.374648437500000000e+02
6.553812662760415719e+01 1.373984375000000000e+02
6.554296875000000000e+01 1.373378057065217490e+02
6.556484374999999432e+01 1.369335937500000000e+02
6.563465811353208323e+01 1.364687500000000000e+02
6.572312350478466669e+01 1.360039062500000000e+02
6.581053133289125867e+01 1.355390625000000000e+02
6.590734627016129821e+01 1.350742187500000000e+02
6.600781250000000000e+01 1.347531411082474051e+02
6.604157838983050510e+01 1.346093750000000000e+02
6.617525621639785527e+01 1.341445312500000000e+02
6.634214806782333085e+01 1.336796875000000000e+02
6.647265625000000000e+01 1.333638776240458128e+02
6.651914062500000568e+01 1.332148437500000000e+02
6.665349624673629592e+01 1.327500000000000000e+02
6.681715210355986301e+01 1.322851562500000000e+02
6.693750000000000000e+01 1.320541779891304373e+02
6.704208984375000568e+01 1.318203125000000000e+02
6.729957217261903679e+01 1.313554687500000000e+02
6.740234375000000000e+01 1.312080792682926926e+02
6.760507934190030710e+01 1.308906250000000000e+02
6.786718750000000000e+01 1.305513640372983843e+02
6.797134981187289782e+01 1.304257812500000000e+02
6.833203125000000000e+01 1.300307491987179276e+02
6.839513917632450557e+01 1.299609375000000000e+02
6.871176276408451145e+01 1.294960937500000000e+02
6.879687500000000000e+01 1.292027457524271767e+02
6.883494410021552312e+01 1.290312500000000000e+02
6.883937004430970319e+01 1.285664062500000000e+02
6.882753314393940514e+01 1.281015625000000000e+02
6.884766348379631040e+01 1.276367187500000000e+02
6.891784868084016580e+01 1.271718750000000000e+02
6.903777942518246391e+01 1.267070312500000000e+02
6.921407948369565588e+01 1.262421875000000000e+02
6.926171875000000000e+01 1.261385399070946107e+02
6.937332006784970417e+01 1.257773437500000000e+02
6.950180288461538680e+01 1.253125000000000000e+02
6.962145796911423190e+01 1.248476562500000000e+02
6.972656250000000000e+01 1.244012221534653406e+02
6.972993704627947409e+01 1.243828125000000000e+02
6.979379882812500568e+01 1.239179687500000000e+02
6.983535571808511122e+01 1.234531250000000000e+02
6.986162405303031164e+01 1.229882812500000000e+02
6.988832131410256920e+01 1.225234375000000000e+02
6.993727960846302949e+01 1.220585937500000000e+02
7.002906385574834758e+01 1.215937500000000000e+02
7.017724857233503144e+01 1.211289062500000000e+02
7.019140625000000000e+01 1.210912162162161962e+02
7.032883831521738216e+01 1.206640625000000000e+02
7.045184326171875000e+01 1.201992187500000000e+02
7.053279265300230350e+01 1.197343750000000000e+02
7.057091636473427343e+01 1.192695312500000000e+02
7.057682945979900069e+01 1.188046875000000000e+02
7.055901227678572241e+01 1.183398437500000000e+02
7.052925660438145883e+01 1.178750000000000000e+02
7.049968382832898328e+01 1.174101562500000000e+02
7.048935131316488878e+01 1.169453125000000000e+02
7.051351265285325098e+01 1.164804687500000000e+02
7.055791766826922640e+01 1.160156250000000000e+02
7.058875214041097479e+01 1.155507812500000000e+02
7.057877604166665719e+01 1.150859375000000000e+02
7.053942418981483797e+01 1.146210937500000000e+02
7.050213068181818699e+01 1.141562500000000000e+02
7.049400536703601006e+01 1.136914062500000000e+02
7.053862185594510947e+01 1.132265625000000000e+02
7.065625000000000000e+01 1.128117019489247355e+02
7.066726525473933407e+01 1.127617187500000000e+02
7.085928520114941875e+01 1.122968750000000000e+02
7.112109375000000000e+01 1.119504515209125515e+02
7.122221235795453254e+01 1.118320312500000000e+02
7.152356230031949735e+01 1.113671875000000000e+02
7.153220556115590512e+01 1.109023437500000000e+02
7.138276076158942374e+01 1.104375000000000000e+02
7.126376856435643958e+01 1.099726562500000000e+02
7.125625460461688476e+01 1.095078125000000000e+02
7.138527826735358417e+01 1.090429687500000000e+02
7.158593750000000000e+01 1.086390215611353796e+02
7.161799568965517437e+01 1.085781250000000000e+02
7.173216711956521863e+01 1.081132812500000000e+02
7.158593750000000000e+01 1.078075284090908923e+02
7.149578598484848158e+01 1.076484375000000000e+02
7.112109375000000000e+01 1.073264363606770928e+02
7.092519531249999432e+01 1.071835937500000000e+02
7.065625000000000000e+01 1.069684374999999932e+02
7.027629076086955706e+01 1.067187500000000000e+02
7.019140625000000000e+01 1.066279433139534945e+02
6.972656250000000000e+01 1.063452148437499858e+02
6.957045825559703189e+01 1.067187500000000000e+02
6.953639914772725206e+01 1.071835937500000000e+02
6.955095486111110858e+01 1.076484375000000000e+02
6.958273192264573481e+01 1.081132812500000000e+02
6.961090759569378861e+01 1.085781250000000000e+02
6.962592622422678801e+01 1.090429687500000000e+02
6.961646792763156100e+01 1.095078125000000000e+02
6.958317786069653721e+01 1.099726562500000000e+02
6.952211733217592382e+01 1.104375000000000000e+02
6.943168364537444859e+01 1.109023437500000000e+02
6.932288240131580892e+01 1.113671875000000000e+02
6.926171875000000000e+01 1.116517857142857082e+02
6.920851374246987575e+01 1.118320312500000000e+02
6.911868990384616041e+01 1.122968750000000000e+02
6.905432692307692832e+01 1.127617187500000000e+02
6.899868521341463179e+01 1.132265625000000000e+02
6.895902979651162923e+01 1.136914062500000000e+02
6.893407557819381282e+01 1.141562500000000000e+02
6.891160239361701656e+01 1.146210937500000000e+02
6.889634773662550060e+01 1.150859375000000000e+02
6.888715457128100184e+01 1.155507812500000000e+02
6.888867187500000000e+01 1.160156250000000000e+02
6.890352746212121815e+01 1.164804687500000000e+02
6.892566287878787534e+01 1.169453125000000000e+02
6.893869173728813848e+01 1.174101562500000000e+02
6.893460648148149517e+01 1.178750000000000000e+02
6.890386284722222854e+01 1.183398437500000000e+02
6.883456503378380376e+01 1.188046875000000000e+02
6.879687500000000000e+01 1.189647156762295310e+02
6.870296717171717660e+01 1.192695312500000000e+02
6.856037554824561653e+01 1.197343750000000000e+02
6.843817667322835518e+01 1.201992187500000000e+02
6.833721538104089177e+01 1.206640625000000000e+02
6.833203125000000000e+01 1.206898871527777715e+02
6.821408582089551942e+01 1.211289062500000000e+02
6.812130208333334735e+01 1.215937500000000000e+02
6.804785551619431772e+01 1.220585937500000000e+02
6.799748461174240788e+01 1.225234375000000000e+02
6.797067461222627571e+01 1.229882812500000000e+02
6.795882336469534835e+01 1.234531250000000000e+02
6.795079249100717789e+01 1.239179687500000000e+02
6.794094499538744003e+01 1.243828125000000000e+02
6.792573652194656120e+01 1.248476562500000000e+02
6.789116753472222854e+01 1.253125000000000000e+02
6.786718750000000000e+01 1.254674479166666572e+02
6.780114412568303806e+01 1.257773437500000000e+02
6.766367381840797179e+01 1.262421875000000000e+02
6.749278846153848122e+01 1.267070312500000000e+02
6.740234375000000000e+01 1.269069140624999932e+02
6.725989163306451246e+01 1.271718750000000000e+02
6.702849069148936678e+01 1.276367187500000000e+02
6.693750000000000000e+01 1.278179290254237230e+02
6.676586538461538112e+01 1.281015625000000000e+02
6.653796487603307241e+01 1.285664062500000000e+02
6.647265625000000000e+01 1.287141136098130687e+02
6.630040450507613059e+01 1.290312500000000000e+02
6.611400525323276156e+01 1.294960937500000000e+02
6.600781250000000000e+01 1.298430897887323852e+02
6.595972521551723844e+01 1.299609375000000000e+02
6.580960501269035490e+01 1.304257812500000000e+02
6.568242187500001705e+01 1.308906250000000000e+02
6.555824530516431992e+01 1.313554687500000000e+02
6.554296875000000000e+01 1.314055288461538566e+02
6.540181200916231319e+01 1.318203125000000000e+02
6.526362602699532545e+01 1.322851562500000000e+02
6.512837837837838606e+01 1.327500000000000000e+02
6.507812500000000000e+01 1.329116847826086882e+02
6.496803042763156100e+01 1.332148437500000000e+02
6.482642911585364232e+01 1.336796875000000000e+02
6.470891895933013416e+01 1.341445312500000000e+02
6.461328125000000000e+01 1.345364583333333144e+02
6.459238939606740360e+01 1.346093750000000000e+02
6.446815929878047768e+01 1.350742187500000000e+02
6.435688761210761299e+01 1.355390625000000000e+02
6.424833813048246611e+01 1.360039062500000000e+02
6.414843750000000000e+01 1.363773053278688394e+02
6.411727479050279044e+01 1.364687500000000000e+02
6.393318965517241281e+01 1.369335937500000000e+02
6.372410765481649264e+01 1.373984375000000000e+02
6.368359375000000000e+01 1.374702426321138091e+02
6.343943339646463642e+01 1.378632812500000000e+02
6.321875000000000000e+01 1.381776360161870514e+02
6.309120141006098947e+01 1.383281250000000000e+02
6.275390625000000000e+01 1.387018845016891930e+02
6.266029188368054292e+01 1.387929687500000000e+02
6.228906250000000000e+01 1.391229504243827080e+02
6.212602028917910957e+01 1.392578125000000000e+02
6.182421875000000000e+01 1.394695476112565302e+02
6.146344449626863593e+01 1.397226562500000000e+02
6.135937500000000000e+01 1.397832880434782510e+02
6.089453125000000000e+01 1.400439095222513117e+02
6.066787190082644088e+01 1.401875000000000000e+02
6.042968750000000000e+01 1.403185014204545666e+02
5.996484375000000000e+01 1.406298058712121133e+02
5.993461001016260070e+01 1.406523437500000000e+02
5.950000000000000000e+01 1.409460637019230944e+02
5.927593862410071779e+01 1.411171875000000000e+02
5.903515625000000000e+01 1.412971270161290249e+02
5.866458151223775985e+01 1.415820312500000000e+02
5.857031250000000000e+01 1.416548986486486399e+02
5.810546875000000000e+01 1.420054848030821972e+02
5.805002866972475317e+01 1.420468750000000000e+02
5.764062500000000000e+01 1.422975772471910147e+02
5.726692708333334281e+01 1.425117187500000000e+02
5.717578125000000000e+01 1.425517914870689822e+02
5.671093750000000000e+01 1.427264322916666686e+02
5.624609375000000000e+01 1.429284752155172384e+02
5.615101207386365445e+01 1.429765625000000000e+02
5.578125000000000000e+01 1.431174242424242493e+02
5.531640625000000000e+01 1.433583056913407745e+02
5.519448002049179536e+01 1.434414062500000000e+02
5.485156250000000000e+01 1.436791104403409065e+02
5.460928030303031733e+01 1.439062500000000000e+02
5.438671875000000000e+01 1.441577750428082254e+02
5.420875000000000909e+01 1.443710937500000000e+02
5.392187500000000000e+01 1.447859956095041412e+02
5.388362836234176712e+01 1.448359375000000000e+02
5.349164727393616658e+01 1.453007812500000000e+02
5.345703125000000000e+01 1.453336489898989896e+02
5.299218750000000000e+01 1.456926553415697470e+02
5.288671875000000000e+01 1.457656250000000000e+02
5.252734375000000000e+01 1.459565429687500000e+02
5.206250000000000000e+01 1.462096936103351936e+02
5.202376302083334281e+01 1.462304687500000000e+02
5.159765625000000000e+01 1.463981173155737565e+02
5.113281250000000000e+01 1.465871557858910990e+02
5.089272836538461320e+01 1.466953125000000000e+02
5.066796875000000000e+01 1.467716301305970319e+02
5.020312500000000000e+01 1.469307792030567725e+02
4.973828125000000000e+01 1.471371694711538396e+02
4.969280740489131176e+01 1.471601562500000000e+02
4.927343750000000000e+01 1.473215873430962404e+02
4.880859375000000000e+01 1.475398192081151763e+02
4.865510760613207708e+01 1.476250000000000000e+02
4.834375000000000000e+01 1.477591622205284523e+02
4.787890625000000000e+01 1.480066611842105146e+02
4.775246874999999136e+01 1.480898437500000000e+02
4.741406250000000000e+01 1.482737601902173878e+02
4.701521508487653023e+01 1.485546875000000000e+02
4.694921875000000000e+01 1.485935653409090946e+02
4.648437500000000000e+01 1.488667656983568008e+02
4.625360150709218487e+01 1.490195312500000000e+02
4.601953125000000000e+01 1.491542410714285722e+02
4.555468750000000000e+01 1.494378906249999943e+02
4.547930743243242091e+01 1.494843750000000000e+02
4.508984375000000000e+01 1.497038190038071264e+02
4.462500000000000000e+01 1.499292561349693358e+02
4.455269097222222285e+01 1.499492187500000000e+02
4.416015625000000000e+01 1.500358072916666572e+02
4.369531250000000000e+01 1.500798891129032313e+02
4.323046875000000000e+01 1.501278392650462763e+02
4.276562500000000000e+01 1.502046526918316829e+02
4.230078125000000000e+01 1.503042367788461604e+02
4.188435872395834281e+01 1.504140625000000000e+02
4.183593750000000000e+01 1.504230363175675791e+02
4.137109375000000000e+01 1.505122167579681332e+02
4.090625000000000000e+01 1.505905854430379804e+02
4.044140625000000000e+01 1.506601562500000000e+02
3.997656250000000000e+01 1.507385326423267315e+02
3.951171875000000000e+01 1.508480878798342530e+02
3.940842013888888573e+01 1.508789062500000000e+02
3.904687500000000000e+01 1.509566888695219120e+02
3.858203125000000000e+01 1.510693488436123459e+02
3.811718750000000000e+01 1.511926757812500171e+02
3.765234375000000000e+01 1.513409994452662772e+02
3.764446504237287172e+01 1.513437500000000000e+02
3.718750000000000000e+01 1.514594621781115791e+02
3.672265625000000000e+01 1.516002155172413950e+02
3.625781250000000000e+01 1.517707576308139608e+02
3.616210937500000000e+01 1.518085937500000000e+02
3.579296875000000000e+01 1.519158653846153868e+02
3.532812500000000000e+01 1.520636618589743421e+02
3.486328125000000000e+01 1.522491319444444287e+02
3.480777751865673508e+01 1.522734375000000000e+02
3.439843750000000000e+01 1.524844050480769226e+02
3.403969938858693922e+01 1.527382812500000000e+02
3.393359375000000000e+01 1.529885817307692264e+02
3.382492897727271952e+01 1.532031250000000000e+02
3.393359375000000000e+01 1.533738839285714164e+02
3.408689328457447232e+01 1.536679687500000000e+02
3.439843750000000000e+01 1.538898259943181870e+02
3.486328125000000000e+01 1.541328125000000000e+02
3.532812500000000000e+01 1.543110026041666742e+02
3.579296875000000000e+01 1.543849683077830264e+02
3.625781250000000000e+01 1.544043141592920563e+02
3.672265625000000000e+01 1.543840793918918735e+02
3.718750000000000000e+01 1.543264973958333428e+02
3.765234375000000000e+01 1.542242143609550737e+02
3.795363136574073337e+01 1.541328125000000000e+02
3.811718750000000000e+01 1.540993578361742493e+02
3.858203125000000000e+01 1.539825397359913950e+02
3.904687500000000000e+01 1.538318873355263179e+02
3.944110957278479646e+01 1.536679687500000000e+02
3.951171875000000000e+01 1.536460937500000057e+02
3.997656250000000000e+01 1.535081129807692264e+02
4.044140625000000000e+01 1.533425781250000171e+02
4.077168996710526017e+01 1.532031250000000000e+02
4.090625000000000000e+01 1.531618888608871032e+02
4.137109375000000000e+01 1.530301598837209553e+02
4.183593750000000000e+01 1.528835449218750000e+02
4.219602772887324704e+01 1.527382812500000000e+02
4.230078125000000000e+01 1.527068993934599064e+02
4.276562500000000000e+01 1.525628255208333428e+02
4.323046875000000000e+01 1.523839796112804947e+02
4.347880993150684503e+01 1.522734375000000000e+02
4.369531250000000000e+01 1.521951964727722668e+02
4.416015625000000000e+01 1.520317187500000102e+02
4.462500000000000000e+01 1.518705729166666742e+02
4.483629261363634555e+01 1.518085937500000000e+02
4.508984375000000000e+01 1.517504882812500000e+02
4.555468750000000000e+01 1.516803609913793025e+02
4.601953125000000000e+01 1.516185344827586334e+02
4.648437500000000000e+01 1.515380497685185048e+02
4.694921875000000000e+01 1.514356053517964256e+02
4.733271484374998295e+01 1.513437500000000000e+02
4.741406250000000000e+01 1.513321289062500057e+02
4.787890625000000000e+01 1.512793870192307679e+02
4.834375000000000000e+01 1.512419453770661164e+02
4.880859375000000000e+01 1.512309427301255198e+02
4.927343750000000000e+01 1.512423643261316784e+02
4.973828125000000000e+01 1.512557548868312551e+02
5.020312500000000000e+01 1.512555899784482847e+02
5.066796875000000000e+01 1.512520606364679168e+02
5.113281250000000000e+01 1.512644401658767777e+02
5.159765625000000000e+01 1.513012883112980944e+02
5.199911221590909349e+01 1.513437500000000000e+02
5.206250000000000000e+01 1.513531092701342402e+02
5.252734375000000000e+01 1.514343799135220081e+02
5.299218750000000000e+01 1.515339133522727479e+02
5.345703125000000000e+01 1.516399975712435264e+02
5.392187500000000000e+01 1.517516276041666572e+02
5.413708043981483797e+01 1.518085937500000000e+02
5.438671875000000000e+01 1.518972810444078902e+02
5.485156250000000000e+01 1.520710937499999886e+02
5.531640625000000000e+01 1.522684121621621500e+02
5.532561107673265610e+01 1.522734375000000000e+02
5.578125000000000000e+01 1.525409929142441854e+02
5.620018325617283494e+01 1.527382812500000000e+02
5.624609375000000000e+01 1.527629087334437088e+02
5.671093750000000000e+01 1.529571639866504711e+02
5.717578125000000000e+01 1.530414402173913118e+02
5.764062500000000000e+01 1.530565981657608461e+02
5.810546875000000000e+01 1.530074013157894797e+02
5.857031250000000000e+01 1.528783711472602818e+02
5.884423828125000000e+01 1.527382812500000000e+02
5.903515625000000000e+01 1.526593778828413406e+02
5.950000000000000000e+01 1.523830929487179446e+02
5.964350880872481753e+01 1.522734375000000000e+02
5.996484375000000000e+01 1.520454427083333258e+02
6.023663763661204484e+01 1.518085937500000000e+02
6.042968750000000000e+01 1.516419516509433834e+02
6.074897411616163367e+01 1.513437500000000000e+02
6.089453125000000000e+01 1.512127485795454334e+02
6.124261329976300772e+01 1.508789062500000000e+02
6.135937500000000000e+01 1.507593105279126178e+02
6.167974028716216139e+01 1.504140625000000000e+02
6.182421875000000000e+01 1.502338702598314626e+02
6.206209653755868771e+01 1.499492187500000000e+02
6.228906250000000000e+01 1.496579913403614341e+02
6.244318181818181301e+01 1.494843750000000000e+02
6.275390625000000000e+01 1.491046006944444287e+02
6.283184412425148935e+01 1.490195312500000000e+02
6.319699135638296639e+01 1.485546875000000000e+02
6.321875000000000000e+01 1.485262803819444457e+02
6.357103068946187818e+01 1.480898437500000000e+02
6.368359375000000000e+01 1.479367854420731874e+02
6.393925781250001705e+01 1.476250000000000000e+02
6.414843750000000000e+01 1.473151041666666572e+02
6.426865571120688969e+01 1.471601562500000000e+02
6.460566086065574609e+01 1.466953125000000000e+02
6.461328125000000000e+01 1.466850397099447321e+02
6.496640289699570303e+01 1.462304687500000000e+02
6.507812500000000000e+01 1.460707678297546011e+02
6.531725135216348122e+01 1.457656250000000000e+02
6.554296875000000000e+01 1.454278608363309502e+02
6.564056025552486062e+01 1.453007812500000000e+02
6.597745535714284415e+01 1.448359375000000000e+02
6.600781250000000000e+01 1.447963763297872219e+02
6.636002890969163559e+01 1.443710937500000000e+02
6.647265625000000000e+01 1.442282646648044704e+02
6.673951099537038090e+01 1.439062500000000000e+02
6.693750000000000000e+01 1.436454839939024453e+02
6.710318688118812247e+01 1.434414062500000000e+02
6.740234375000000000e+01 1.430246497844827616e+02
6.744065504807693401e+01 1.429765625000000000e+02
6.778710937500000000e+01 1.425117187500000000e+02
6.786718750000000000e+01 1.424040430790960272e+02
6.815324519230770761e+01 1.420468750000000000e+02
6.833203125000000000e+01 1.418236449505649830e+02
6.853963137135923489e+01 1.415820312500000000e+02
6.879687500000000000e+01 1.412628012048192545e+02
6.892277018229165719e+01 1.411171875000000000e+02
6.926171875000000000e+01 1.406890419407894797e+02
6.929341264204543904e+01 1.406523437500000000e+02
6.968345199092743769e+01 1.401875000000000000e+02
6.972656250000000000e+01 1.401335029987373844e+02
7.008492221916299059e+01 1.397226562500000000e+02
7.019140625000000000e+01 1.395853160511363455e+02
7.047258003048781916e+01 1.392578125000000000e+02
7.065625000000000000e+01 1.390195065268987378e+02
7.085077700407609314e+01 1.387929687500000000e+02
7.112109375000000000e+01 1.384475640190972285e+02
7.122408308383231201e+01 1.383281250000000000e+02
7.158593750000000000e+01 1.378632812500000000e+02
7.196954641990291179e+01 1.373984375000000000e+02
7.205078125000000000e+01 1.373000000000000114e+02
7.235611979166668561e+01 1.369335937500000000e+02
7.251562500000000000e+01 1.367263385748407529e+02
7.272408585695876582e+01 1.364687500000000000e+02
7.298046875000000000e+01 1.361056968521897943e+02
7.305925582627119752e+01 1.360039062500000000e+02
7.337159278634362636e+01 1.355390625000000000e+02
7.344531250000000000e+01 1.354228515625000000e+02
7.368324200236966703e+01 1.350742187500000000e+02
7.391015625000000000e+01 1.346911874999999839e+02
7.396369846204189002e+01 1.346093750000000000e+02
7.423753647859922467e+01 1.341445312500000000e+02
7.437500000000000000e+01 1.338885303442028771e+02
7.450781250000000000e+01 1.336796875000000000e+02
7.477343750000000000e+01 1.332148437500000000e+02
7.483984375000000000e+01 1.330978830645161395e+02
7.506736220991561481e+01 1.327500000000000000e+02
7.530468750000000000e+01 1.323105773925781250e+02
7.532181332236839921e+01 1.322851562500000000e+02
7.561882019042968750e+01 1.318203125000000000e+02
7.576953125000000000e+01 1.315523817274305429e+02
7.590391735781992111e+01 1.313554687500000000e+02
7.617160412864961927e+01 1.308906250000000000e+02
7.623437500000000000e+01 1.307720096982758662e+02
7.645553414096914935e+01 1.304257812500000000e+02
7.668630642361111427e+01 1.299609375000000000e+02
7.669921875000000000e+01 1.299351128472222285e+02
7.696263020833333712e+01 1.294960937500000000e+02
7.716248139880951840e+01 1.290312500000000000e+02
7.716406250000000000e+01 1.290276184082031250e+02
7.740700552983540206e+01 1.285664062500000000e+02
7.759339735243054292e+01 1.281015625000000000e+02
7.762890625000000000e+01 1.280118558114035068e+02
7.781897569444444684e+01 1.276367187500000000e+02
7.800317382812500000e+01 1.271718750000000000e+02
7.809375000000000000e+01 1.269178882087628892e+02
7.819810267857144481e+01 1.267070312500000000e+02
7.839408114711932285e+01 1.262421875000000000e+02
7.855195312499998295e+01 1.257773437500000000e+02
7.855859375000000000e+01 1.257566840277777942e+02
7.874986916866029674e+01 1.253125000000000000e+02
7.890061293191058667e+01 1.248476562500000000e+02
7.902177139336916412e+01 1.243828125000000000e+02
7.902343750000000000e+01 1.243764447773972392e+02
7.918669969512197326e+01 1.239179687500000000e+02
7.931568103902952771e+01 1.234531250000000000e+02
7.942337853773582879e+01 1.229882812500000000e+02
7.948828125000000000e+01 1.226811523437500000e+02
7.953789940308990936e+01 1.225234375000000000e+02
7.966373697916665719e+01 1.220585937500000000e+02
7.976183974004425181e+01 1.215937500000000000e+02
7.984253717237902492e+01 1.211289062500000000e+02
7.991293174342106909e+01 1.206640625000000000e+02
7.995312500000000000e+01 1.203585937500000114e+02
7.998446278089886619e+01 1.201992187500000000e+02
8.006346669823233242e+01 1.197343750000000000e+02
8.013690043604651692e+01 1.192695312500000000e+02
8.021586277173915391e+01 1.188046875000000000e+02
8.028735149793388359e+01 1.183398437500000000e+02
8.034418402777777146e+01 1.178750000000000000e+02
8.039264652237355335e+01 1.174101562500000000e+02
8.041796875000000000e+01 1.171857489224138078e+02
8.045545614919353739e+01 1.169453125000000000e+02
8.051332131410256920e+01 1.164804687500000000e+02
8.056681034482758719e+01 1.160156250000000000e+02
8.061814069976077235e+01 1.155507812500000000e+02
8.067457932692306599e+01 1.150859375000000000e+02
8.073632812500000000e+01 1.146210937500000000e+02
8.079418470330739410e+01 1.141562500000000000e+02
8.084133945167286583e+01 1.136914062500000000e+02
8.088102463942308873e+01 1.132265625000000000e+02
8.088281250000000000e+01 1.132007378472222285e+02
8.092957193047337228e+01 1.127617187500000000e+02
8.094620028409090651e+01 1.122968750000000000e+02
8.093287259615385665e+01 1.118320312500000000e+02
8.090537773058252924e+01 1.113671875000000000e+02
8.091261017628204399e+01 1.109023437500000000e+02
8.104591557017545256e+01 1.104375000000000000e+02
8.134765625000000000e+01 1.100636039402174049e+02
8.137650862068966262e+01 1.099726562500000000e+02
8.155394785502957689e+01 1.095078125000000000e+02
8.173618236940296811e+01 1.090429687500000000e+02
8.181250000000000000e+01 1.088512207031249943e+02
8.191855658373785332e+01 1.085781250000000000e+02
8.208103523406373370e+01 1.081132812500000000e+02
8.220801112288137347e+01 1.076484375000000000e+02
8.227734375000000000e+01 1.073562500000000028e+02
8.233807710427134907e+01 1.071835937500000000e+02
8.247712765957447800e+01 1.067187500000000000e+02
8.258261427238807073e+01 1.062539062500000000e+02
8.266736675941780277e+01 1.057890625000000000e+02
8.274218750000000000e+01 1.053521093749999977e+02
8.274960521941488878e+01 1.053242187500000000e+02
