6.699113581730770761e+01 1.043945312500000000e+02
6.704999643264841325e+01 1.039296875000000000e+02
6.710132158590306517e+01 1.034648437500000000e+02
6.714409722222222854e+01 1.030000000000000000e+02
6.717478425732218739e+01 1.025351562500000000e+02
6.719383359053497884e+01 1.020703125000000000e+02
6.720257618801650779e+01 1.016054687500000000e+02
6.720478515624998295e+01 1.011406250000000000e+02
6.720312500000000000e+01 1.006757812500000000e+02
6.719860372340426125e+01 1.002109375000000000e+02
6.719884991952790187e+01 9.974609375000000000e+01
6.720254248903509620e+01 9.928125000000000000e+01
6.720069920091324889e+01 9.881640625000000000e+01
6.718729921144861805e+01 9.835156250000000000e+01
6.715991327751197559e+01 9.788671875000000000e+01
6.712116996951218084e+01 9.742187500000000000e+01
6.707695312500001705e+01 9.695703125000000000e+01
6.702223714192709281e+01 9.649218750000000000e+01
6.695027043269232081e+01 9.602734375000000000e+01
6.693750000000000000e+01 9.596093750000000000e+01
6.688149472891566916e+01 9.556250000000000000e+01
6.680664062500000000e+01 9.509765625000000000e+01
6.672696538677129752e+01 9.463281250000000000e+01
6.664897629310343063e+01 9.416796875000000000e+01
6.656960227272725206e+01 9.370312500000000000e+01
6.647815735946744553e+01 9.323828125000000000e+01
6.647265625000000000e+01 9.321381578947368496e+01
6.639989809782608177e+01 9.277343750000000000e+01
6.630985383064515304e+01 9.230859375000000000e+01
6.621595149253730028e+01 9.184375000000000000e+01
6.612832754629627630e+01 9.137890625000000000e+01
6.603468208092485270e+01 9.091406250000000000e+01
6.600781250000000000e+01 9.078842905405406327e+01
6.595417668269229239e+01 9.044921875000000000e+01
6.588008516328829955e+01 8.998437500000000000e+01
6.580859375000000000e+01 8.951953125000000000e+01
6.573173778553299940e+01 8.905468750000000000e+01
6.565024038461538680e+01 8.858984375000000000e+01
6.555688622754490780e+01 8.812500000000000000e+01
6.554296875000000000e+01 8.806043836805555713e+01
6.547892361111109949e+01 8.766015625000000000e+01
6.540395005841122611e+01 8.719531250000000000e+01
6.532806611180905065e+01 8.673046875000000000e+01
6.525056703629033450e+01 8.626562500000000000e+01
6.516190497819766847e+01 8.580078125000000000e+01
6.507812500000000000e+01 8.541131756756756488e+01
6.506578401548671309e+01 8.533593750000000000e+01
6.499301276408451145e+01 8.487109375000000000e+01
6.491378630050505194e+01 8.440625000000000000e+01
6.481729600694444571e+01 8.394140625000000000e+01
6.470168711656441474e+01 8.347656250000000000e+01
6.461328125000000000e+01 8.310707131410256920e+01
6.459598473837206711e+01 8.301171875000000000e+01
6.451302083333334281e+01 8.254687500000000000e+01
6.441834677419353739e+01 8.208203125000000000e+01
6.429609375000001137e+01 8.161718750000000000e+01
6.415153645833333940e+01 8.115234375000000000e+01
6.414843750000000000e+01 8.114285714285713880e+01
6.403574810606059486e+01 8.068750000000000000e+01
6.390173271648043851e+01 8.022265625000000000e+01
6.373392714968153427e+01 7.975781250000000000e+01
6.368359375000000000e+01 7.963035534274193594e+01
6.358205021237864685e+01 7.929296875000000000e+01
6.343483952702703732e+01 7.882812500000000000e+01
6.325942382812499432e+01 7.836328125000000000e+01
6.321875000000000000e+01 7.826896512681159379e+01
6.309091796875000568e+01 7.789843750000000000e+01
6.289714298691859540e+01 7.743359375000000000e+01
6.275390625000000000e+01 7.714374999999999716e+01
6.268307291666667425e+01 7.696875000000000000e+01
6.249399361559139265e+01 7.650390625000000000e+01
6.228906250000000000e+01 7.606068313953487348e+01
6.228064903846151878e+01 7.603906250000000000e+01
6.210264078776040719e+01 7.557421875000000000e+01
6.188268966194968357e+01 7.510937500000000000e+01
6.182421875000000000e+01 7.500127180232557578e+01
6.166688701923075655e+01 7.464453125000000000e+01
6.143498211596386227e+01 7.417968750000000000e+01
6.135937500000000000e+01 7.404326596467392108e+01
6.120600015862942200e+01 7.371484375000000000e+01
6.094904996141974607e+01 7.325000000000000000e+01
6.089453125000000000e+01 7.315987723214284699e+01
6.069709761424729777e+01 7.278515625000000000e+01
6.042968750000000000e+01 7.236364539194916290e+01
6.040449892241380780e+01 7.232031250000000000e+01
6.012906998502995748e+01 7.185546875000000000e+01
5.996484375000000000e+01 7.161059570312500000e+01
5.982797309027779420e+01 7.139062500000000000e+01
5.950000000000000000e+01 7.092941284179687500e+01
5.949760389819587658e+01 7.092578125000000000e+01
5.919785156250000568e+01 7.046093750000000000e+01
5.903515625000000000e+01 7.022851562500000000e+01
5.888381177325581461e+01 6.999609375000000000e+01
5.857031250000000000e+01 6.957151205708662189e+01
5.854282174059139265e+01 6.953125000000000000e+01
5.820153645833332234e+01 6.906640625000000000e+01
5.810546875000000000e+01 6.894829021516393652e+01
5.783430989583334281e+01 6.860156250000000000e+01
5.764062500000000000e+01 6.837774884259258101e+01
5.744221608231706000e+01 6.813671875000000000e+01
5.717578125000000000e+01 6.782460937499999432e+01
5.705146257267441001e+01 6.767187500000000000e+01
5.671093750000000000e+01 6.727070847602739434e+01
5.665899965083798406e+01 6.720703125000000000e+01
5.625634765625000000e+01 6.674218750000000000e+01
5.624609375000000000e+01 6.673111979166667140e+01
5.583769531249998863e+01 6.627734375000000000e+01
5.578125000000000000e+01 6.621747750946970257e+01
5.542005384290538927e+01 6.581250000000000000e+01
5.531640625000000000e+01 6.569802355410448058e+01
5.501925929588608710e+01 6.534765625000000000e+01
5.485156250000000000e+01 6.515138888888888857e+01
5.463444985029940426e+01 6.488281250000000000e+01
5.438671875000000000e+01 6.458730468750000853e+01
5.424888717296511231e+01 6.441796875000000000e+01
5.392187500000000000e+01 6.405273437500000000e+01
5.383110669378697821e+01 6.395312500000000000e+01
5.345703125000000000e+01 6.358342470760234733e+01
5.335273938301284602e+01 6.348828125000000000e+01
5.299218750000000000e+01 6.317050670903954313e+01
5.281864583333333485e+01 6.302343750000000000e+01
5.252734375000000000e+01 6.276640625000000284e+01
5.228370150862068044e+01 6.255859375000000000e+01
5.206250000000000000e+01 6.236181940184049211e+01
5.173147490530303116e+01 6.209375000000000000e+01
5.159765625000000000e+01 6.197829861111111427e+01
5.115586260330576351e+01 6.162890625000000000e+01
5.113281250000000000e+01 6.160898437500000568e+01
5.066796875000000000e+01 6.121206266983695343e+01
5.061135316506411641e+01 6.116406250000000000e+01
5.020312500000000000e+01 6.081221944060773410e+01
5.006677083333332234e+01 6.069921875000000000e+01
4.973828125000000000e+01 6.041440119219653582e+01
4.951582031249998295e+01 6.023437500000000000e+01
4.927343750000000000e+01 6.002871685606061192e+01
4.893670029527558540e+01 5.976953125000000000e+01
4.880859375000000000e+01 5.966720715408804665e+01
4.834375000000000000e+01 5.933509783878504606e+01
4.830093544407893091e+01 5.930468750000000000e+01
4.787890625000000000e+01 5.899023437500000000e+01
4.766732219827585482e+01 5.883984375000000000e+01
4.741406250000000000e+01 5.864026409646739069e+01
4.703570130813955075e+01 5.837500000000000000e+01
4.694921875000000000e+01 5.830655674846626368e+01
4.648437500000000000e+01 5.798659722222222968e+01
4.635602262126863593e+01 5.791015625000000000e+01
4.601953125000000000e+01 5.767892628205127892e+01
4.560539772727273089e+01 5.744531250000000000e+01
4.555468750000000000e+01 5.741022995283019270e+01
4.508984375000000000e+01 5.710922828638497606e+01
4.487043750000000841e+01 5.698046875000000000e+01
4.462500000000000000e+01 5.681189903846153300e+01
4.416015625000000000e+01 5.654133976063829436e+01
4.411472039473684958e+01 5.651562500000000000e+01
4.369531250000000000e+01 5.623810634328357594e+01
4.332975576456311728e+01 5.605078125000000000e+01
4.323046875000000000e+01 5.598880208333333997e+01
4.276562500000000000e+01 5.572896634615385381e+01
4.245266089108909568e+01 5.558593750000000000e+01
4.230078125000000000e+01 5.550118698204418877e+01
4.183593750000000000e+01 5.527604166666667140e+01
4.144183084239131176e+01 5.512109375000000000e+01
4.137109375000000000e+01 5.508390624999999829e+01
4.090625000000000000e+01 5.485339355468750000e+01
4.044140625000000000e+01 5.466318796641790811e+01
4.042509594298246611e+01 5.465625000000000000e+01
3.997656250000000000e+01 5.441731162383177889e+01
3.951171875000000000e+01 5.421812140804597391e+01
3.945001382743365070e+01 5.419140625000000000e+01
3.904687500000000000e+01 5.397133529589370937e+01
3.858203125000000000e+01 5.376832580566406250e+01
3.848906250000001705e+01 5.372656250000000000e+01
3.811718750000000000e+01 5.351692708333334281e+01
3.765234375000000000e+01 5.330364583333333428e+01
3.755855948464912331e+01 5.326171875000000000e+01
3.718750000000000000e+01 5.305932266746411585e+01
3.672265625000000000e+01 5.286074666030533820e+01
3.656912987385319980e+01 5.279687500000000000e+01
3.625781250000000000e+01 5.263134527439025590e+01
3.579296875000000000e+01 5.242572068798449436e+01
3.556054687500000000e+01 5.233203125000000000e+01
3.532812500000000000e+01 5.220807291666666572e+01
3.486328125000000000e+01 5.200553385416665719e+01
3.448433254076084609e+01 5.186718750000000000e+01
3.439843750000000000e+01 5.182400529371584241e+01
3.393359375000000000e+01 5.160656380753138706e+01
3.346875000000000000e+01 5.143212021797153000e+01
3.338671875000000000e+01 5.140234375000000000e+01
3.300390625000000000e+01 5.121988171728972361e+01
3.253906250000000000e+01 5.105192307692307452e+01
3.218489583333334281e+01 5.093750000000000000e+01
3.207421875000000000e+01 5.088751680107527875e+01
3.160937500000000000e+01 5.068289678423235500e+01
3.114453125000000000e+01 5.051520127118644155e+01
3.102500000000000568e+01 5.047265625000000000e+01
3.067968750000000000e+01 5.030859375000000000e+01
3.021484375000000000e+01 5.012487169251824071e+01
2.991786024305554292e+01 5.000781250000000000e+01
2.975000000000000000e+01 4.991189236111110006e+01
2.928515625000000000e+01 4.967762586805555713e+01
2.895887169471151878e+01 4.954296875000000000e+01
2.882031250000000000e+01 4.946155543785310726e+01
2.835546875000000000e+01 4.923241356382978040e+01
2.792890624999998295e+01 4.907812500000000000e+01
2.789062500000000000e+01 4.905852315512048278e+01
2.742578125000000000e+01 4.886062930045871155e+01
2.696093750000000000e+01 4.872860508110687761e+01
2.649609375000000000e+01 4.862438673208191631e+01
2.644361139112902492e+01 4.861328125000000000e+01
2.603125000000000000e+01 4.848284040178572241e+01
2.556640625000000000e+01 4.836010742187500000e+01
2.510156250000000000e+01 4.824520089285714164e+01
2.472526041666668561e+01 4.814843750000000000e+01
2.463671875000000000e+01 4.811503555389221276e+01
2.417187500000000000e+01 4.794723647388060073e+01
2.370703125000000000e+01 4.780687839673913686e+01
2.324218750000000000e+01 4.768543836805555713e+01
2.323573133680554292e+01 4.768359375000000000e+01
2.277734375000000000e+01 4.751690735479797922e+01
2.231250000000000000e+01 4.737904094827585766e+01
2.184765625000000000e+01 4.725629507211537828e+01
2.170410156250000000e+01 4.721875000000000000e+01
2.138281250000000000e+01 4.710376233552631220e+01
2.091796875000000000e+01 4.697126374421295480e+01
2.045312500000000000e+01 4.685197455168776060e+01
2.008420138888888573e+01 4.675390625000000000e+01
1.998828125000000000e+01 4.671856725146198386e+01
1.952343750000000000e+01 4.656477864583333570e+01
1.905859375000000000e+01 4.643470024141631569e+01
1.859375000000000000e+01 4.632017408956693316e+01
1.846204427083333144e+01 4.628906250000000000e+01
1.812890625000000000e+01 4.617983691939890178e+01
1.766406250000000000e+01 4.605988372093022321e+01
1.719921875000000000e+01 4.596036545502091286e+01
1.673437500000000000e+01 4.586480034722222854e+01
1.654843750000000568e+01 4.582421875000000000e+01
1.626953125000000000e+01 4.573605872844828468e+01
1.580468750000000000e+01 4.560477474619290206e+01
1.533984375000000000e+01 4.547719254032257652e+01
1.490651483050845627e+01 4.535937500000000000e+01
1.487500000000000000e+01 4.534730113636364024e+01
1.441015625000000000e+01 4.517693632392472836e+01
1.394531250000000000e+01 4.504947916666667140e+01
1.348046875000000000e+01 4.494483901515150848e+01
1.322783627717390686e+01 4.489453125000000000e+01
1.301562500000000000e+01 4.483572571536144835e+01
1.255078125000000000e+01 4.472798295454546036e+01
1.208593750000000000e+01 4.463403910024154442e+01
1.162109375000000000e+01 4.454641956278026527e+01
1.115625000000000000e+01 4.445126252637131614e+01
1.105598958333334281e+01 4.442968750000000000e+01
1.069140625000000000e+01 4.432220917630057500e+01
1.022656250000000000e+01 4.420191406249999488e+01
9.761718750000000000e+00 4.408825359513274833e+01
9.296875000000000000e+00 4.397760416666666572e+01
9.242643229166674246e+00 4.396484375000000000e+01
8.832031250000000000e+00 4.383309659090909349e+01
8.367187500000000000e+00 4.372389263188073727e+01
7.902343750000000000e+00 4.364245211693548754e+01
7.437500000000000000e+00 4.357006835937500000e+01
7.013975694444454234e+00 4.350000000000000000e+01
6.972656250000000000e+00 4.348879894578313099e+01
6.507812500000000000e+00 4.335295758928571530e+01
6.042968750000000000e+00 4.322884114583333570e+01
5.578125000000000000e+00 4.311771537162162105e+01
5.215704449152539723e+00 4.303515625000000000e+01
5.113281250000000000e+00 4.299875282379518637e+01
4.648437500000000000e+00 4.285762798366834403e+01
4.183593750000000000e+00 4.274564830043859587e+01
3.718750000000000000e+00 4.265052083333333144e+01
3.301339285714277594e+00 4.257031250000000000e+01
3.253906250000000000e+00 4.255622632575757791e+01
2.789062500000000000e+00 4.241847911432160600e+01
2.324218750000000000e+00 4.231184334590517437e+01
1.859375000000000000e+00 4.221494932432432279e+01
1.394531250000000000e+00 4.212976371951219079e+01
1.257812499999985789e+00 4.210546875000000000e+01
9.296875000000000000e-01 4.201920908505154273e+01
4.648437500000000000e-01 4.191382264254386314e+01
0.000000000000000000e+00 4.182402038574218750e+01
-4.648437500000000000e-01 4.173917844522968323e+01
-9.296875000000000000e-01 4.166787968241042250e+01
-1.119850852272719521e+00 4.164062500000000000e+01
-1.394531250000000000e+00 4.157701480263158089e+01
-1.859375000000000000e+00 4.148567708333333570e+01
-2.324218750000000000e+00 4.141406250000000000e+01
-2.789062500000000000e+00 4.135879060039369648e+01
-3.253906250000000000e+00 4.130762784090909179e+01
-3.718750000000000000e+00 4.125060199058219013e+01
-4.183593750000000000e+00 4.119650676751592044e+01
-4.346289062499991473e+00 4.117578125000000000e+01
-4.648437500000000000e+00 4.111250409031413255e+01
-5.113281250000000000e+00 4.102583165322580072e+01
-5.578125000000000000e+00 4.095011021784232241e+01
-6.042968750000000000e+00 4.088654513888889142e+01
-6.507812500000000000e+00 4.083309780290102253e+01
-6.972656250000000000e+00 4.078692157451922640e+01
-7.437500000000000000e+00 4.074183345921450439e+01
-7.706620065789465457e+00 4.071093750000000000e+01
-7.902343750000000000e+00 4.067137632978723616e+01
-8.367187500000000000e+00 4.058682873179611761e+01
-8.832031250000000000e+00 4.052293402777777231e+01
-9.296875000000000000e+00 4.048235730888429629e+01
-9.761718750000000000e+00 4.045329154554263340e+01
-1.022656250000000000e+01 4.042926638011152107e+01
-1.069140625000000000e+01 4.040995953237410276e+01
-1.115625000000000000e+01 4.038849306778168824e+01
-1.162109375000000000e+01 4.036951778017241566e+01
-1.208593750000000000e+01 4.035528523489932695e+01
-1.255078125000000000e+01 4.034089740953947256e+01
-1.301562500000000000e+01 4.032556703629032313e+01
-1.348046875000000000e+01 4.031081882911392711e+01
-1.394531250000000000e+01 4.029693603515625000e+01
-1.441015625000000000e+01 4.028519275700934799e+01
-1.487500000000000000e+01 4.027805175781249858e+01
-1.533984375000000000e+01 4.027688781545741392e+01
-1.580468750000000000e+01 4.027982058359621931e+01
-1.626953125000000000e+01 4.027982058359621931e+01
-1.673437500000000000e+01 4.027940031152648004e+01
-1.719921875000000000e+01 4.028196132330246826e+01
-1.766406250000000000e+01 4.028744488113496658e+01
-1.812890625000000000e+01 4.029457438650306500e+01
-1.859375000000000000e+01 4.030672554347826519e+01
-1.905859375000000000e+01 4.032552907436708978e+01
-1.952343750000000000e+01 4.035324928977272663e+01
-1.998828125000000000e+01 4.038226010101009678e+01
-2.045312500000000000e+01 4.041245888157894228e+01
-2.091796875000000000e+01 4.044628193430656893e+01
-2.138281250000000000e+01 4.047851562500000000e+01
-2.184765625000000000e+01 4.050515686758892997e+01
-2.231250000000000000e+01 4.052423796106557319e+01
-2.277734375000000000e+01 4.054478058510638050e+01
-2.324218750000000000e+01 4.057961392937219358e+01
-2.370703125000000000e+01 4.061840936018957393e+01
-2.417187500000000000e+01 4.066163589015151558e+01
-2.463671875000000000e+01 4.070843834005376749e+01
-2.465996093750000284e+01 4.071093750000000000e+01
-2.510156250000000000e+01 4.073668686224490187e+01
-2.556640625000000000e+01 4.075854198042168974e+01
-2.603125000000000000e+01 4.078697675540123413e+01
-2.649609375000000000e+01 4.082298452768729646e+01
-2.696093750000000000e+01 4.086641971982759003e+01
-2.742578125000000000e+01 4.091505708025830756e+01
-2.789062500000000000e+01 4.097147492439516014e+01
-2.835546875000000000e+01 4.104326923076923350e+01
-2.882031250000000000e+01 4.113265141752577136e+01
-2.901047585227271952e+01 4.117578125000000000e+01
-2.928515625000000000e+01 4.121051095545976750e+01
-2.975000000000000000e+01 4.127049862852664575e+01
-3.021484375000000000e+01 4.134041341145833570e+01
-3.067968750000000000e+01 4.142552083333333002e+01
-3.114453125000000000e+01 4.153351814516129537e+01
-3.153190104166667140e+01 4.164062500000000000e+01
-3.160937500000000000e+01 4.165357329387186525e+01
-3.207421875000000000e+01 4.173788461538461547e+01
-3.253906250000000000e+01 4.183012576219511658e+01
-3.300390625000000000e+01 4.193713027263374471e+01
-3.346875000000000000e+01 4.207292968750000028e+01
-3.357204861111111427e+01 4.210546875000000000e+01
-3.393359375000000000e+01 4.217110951008645259e+01
-3.439843750000000000e+01 4.225482838114754713e+01
-3.486328125000000000e+01 4.235468155893536135e+01
-3.532812500000000000e+01 4.247608741554054035e+01
-3.564506392045454675e+01 4.257031250000000000e+01
-3.579296875000000000e+01 4.259669552364864842e+01
-3.625781250000000000e+01 4.267595880681818699e+01
-3.672265625000000000e+01 4.276345180457746409e+01
-3.718750000000000000e+01 4.287424879807692690e+01
-3.765234375000000000e+01 4.302272727272727337e+01
-3.768652343750000000e+01 4.303515625000000000e+01
-3.811718750000000000e+01 4.312444026295731447e+01
-3.858203125000000000e+01 4.323317633122744041e+01
-3.904687500000000000e+01 4.336867642937219358e+01
-3.940401105182927211e+01 4.350000000000000000e+01
-3.951171875000000000e+01 4.352597656250000568e+01
-3.997656250000000000e+01 4.363785021551724697e+01
-4.044140625000000000e+01 4.377413862179487580e+01
-4.090625000000000000e+01 4.395462740384616041e+01
-4.093071546052631504e+01 4.396484375000000000e+01
-4.137109375000000000e+01 4.407315685679611050e+01
-4.183593750000000000e+01 4.420745144422310346e+01
-4.230078125000000000e+01 4.438368733723957860e+01
-4.240848894817072789e+01 4.442968750000000000e+01
-4.276562500000000000e+01 4.452415574596774661e+01
-4.323046875000000000e+01 4.466966780995935693e+01
-4.369531250000000000e+01 4.487398566988950677e+01
-4.373757102272728048e+01 4.489453125000000000e+01
-4.416015625000000000e+01 4.502232334621992749e+01
-4.462500000000000000e+01 4.519814541103603034e+01
-4.494175193584071337e+01 4.535937500000000000e+01
-4.508984375000000000e+01 4.541055045871559059e+01
-4.555468750000000000e+01 4.557918483527132025e+01
-4.601953125000000000e+01 4.581158712635870245e+01
-4.604300820707071296e+01 4.582421875000000000e+01
-4.648437500000000000e+01 4.597753563596491233e+01
-4.694921875000000000e+01 4.618723958333333712e+01
-4.714013671875000000e+01 4.628906250000000000e+01
-4.741406250000000000e+01 4.639098837209302673e+01
-4.787890625000000000e+01 4.659131516255605021e+01
-4.816666666666667140e+01 4.675390625000000000e+01
-4.834375000000000000e+01 4.682588205645161139e+01
-4.880859375000000000e+01 4.702674932065217206e+01
-4.913570601851851904e+01 4.721875000000000000e+01
-4.927343750000000000e+01 4.727872983870967261e+01
-4.973828125000000000e+01 4.748437500000000711e+01
-5.008429276315789025e+01 4.768359375000000000e+01
-5.020312500000000000e+01 4.773441268086816081e+01
-5.066796875000000000e+01 4.792469528008297885e+01
-5.107958611641221580e+01 4.814843750000000000e+01
-5.113281250000000000e+01 4.817015917056073704e+01
-5.159765625000000000e+01 4.835836693548387188e+01
-5.204921874999999432e+01 4.861328125000000000e+01
-5.206250000000000000e+01 4.861916534810126223e+01
-5.252734375000000000e+01 4.882295545212765830e+01
-5.292710937500000057e+01 4.907812500000000000e+01
-5.299218750000000000e+01 4.911144144624573471e+01
-5.345703125000000000e+01 4.936097803655660243e+01
-5.371949404761905100e+01 4.954296875000000000e+01
-5.392187500000000000e+01 4.965194310897436480e+01
-5.438671875000000000e+01 4.993441611842105488e+01
-5.449399038461538680e+01 5.000781250000000000e+01
-5.485156250000000000e+01 5.019524949596774377e+01
-5.526106770833333570e+01 5.047265625000000000e+01
-5.531640625000000000e+01 5.050364583333333712e+01
-5.578125000000000000e+01 5.076904744839448824e+01
-5.602284642269736992e+01 5.093750000000000000e+01
-5.624609375000000000e+01 5.106317997685184196e+01
-5.671093750000000000e+01 5.136697520380434412e+01
-5.676177978515625000e+01 5.140234375000000000e+01
-5.717578125000000000e+01 5.161863839285715017e+01
-5.755167341820987303e+01 5.186718750000000000e+01
-5.764062500000000000e+01 5.191522135416666117e+01
-5.810546875000000000e+01 5.217062717013888573e+01
-5.833635140728475932e+01 5.233203125000000000e+01
-5.857031250000000000e+01 5.246635872148289081e+01
-5.903268367686170137e+01 5.279687500000000000e+01
-5.903515625000000000e+01 5.279840913778878075e+01
-5.950000000000000000e+01 5.307407540137614887e+01
-5.975727201257861054e+01 5.326171875000000000e+01
-5.996484375000000000e+01 5.339064025878906250e+01
-6.042968750000000000e+01 5.371854795258620641e+01
-6.044084374999999909e+01 5.372656250000000000e+01
-6.089453125000000000e+01 5.398670441513762341e+01
-6.118430397727272663e+01 5.419140625000000000e+01
-6.135937500000000000e+01 5.429839409722222854e+01
-6.182421875000000000e+01 5.464224868222891018e+01
-6.184182646780302406e+01 5.465625000000000000e+01
-6.228906250000000000e+01 5.495899439102564088e+01
-6.249299395161290249e+01 5.512109375000000000e+01
-6.275390625000000000e+01 5.530163574218750000e+01
-6.311167924859550737e+01 5.558593750000000000e+01
-6.321875000000000000e+01 5.566341145833332860e+01
-6.368359375000000000e+01 5.603081863496933579e+01
-6.370751953125000000e+01 5.605078125000000000e+01
-6.414843750000000000e+01 5.637144886363635976e+01
-6.431694335937498863e+01 5.651562500000000000e+01
-6.461328125000000000e+01 5.674579035194174992e+01
-6.488640978107343926e+01 5.698046875000000000e+01
-6.507812500000000000e+01 5.712930030153508199e+01
-6.545144511010363431e+01 5.744531250000000000e+01
-6.554296875000000000e+01 5.751770619877049739e+01
-6.599895833333332007e+01 5.791015625000000000e+01
-6.600781250000000000e+01 5.791736312984495783e+01
-6.647265625000000000e+01 5.830029296875000000e+01
-6.655415482954545325e+01 5.837500000000000000e+01
-6.693750000000000000e+01 5.869584324048912549e+01
-6.709711502259035854e+01 5.883984375000000000e+01
-6.740234375000000000e+01 5.909318359374999829e+01
-6.763866096368715830e+01 5.930468750000000000e+01
-6.786718750000000000e+01 5.949855598341231655e+01
-6.816190802190720888e+01 5.976953125000000000e+01
-6.833203125000000000e+01 5.992232711226851904e+01
-6.866082317073170316e+01 6.023437500000000000e+01
-6.879687500000000000e+01 6.036290322580644840e+01
-6.914275399881516648e+01 6.069921875000000000e+01
-6.926171875000000000e+01 6.081597020348836224e+01
-6.961473688089623124e+01 6.116406250000000000e+01
-6.972656250000000000e+01 6.127588811910376876e+01
-7.007958063089623124e+01 6.162890625000000000e+01
-7.019140625000000000e+01 6.174288236177885381e+01
-7.053893229166666856e+01 6.209375000000000000e+01
-7.065625000000000000e+01 6.221571395420791362e+01
-7.098923903245193401e+01 6.255859375000000000e+01
-7.112109375000000000e+01 6.269996375644329589e+01
-7.142721036585365368e+01 6.302343750000000000e+01
-7.158593750000000000e+01 6.319932432432432279e+01
-7.185057626856436741e+01 6.348828125000000000e+01
-7.205078125000000000e+01 6.371937499999999943e+01
-7.225948660714286120e+01 6.395312500000000000e+01
-7.251562500000000000e+01 6.426886792452830832e+01
-7.264588341346154721e+01 6.441796875000000000e+01
-7.298046875000000000e+01 6.484084743923611427e+01
-7.301800271739131176e+01 6.488281250000000000e+01
-7.341224830020919967e+01 6.534765625000000000e+01
-7.344531250000000000e+01 6.538881429036457860e+01
-7.381010019618834406e+01 6.581250000000000000e+01
-7.391015625000000000e+01 6.594772727272726343e+01
-7.417675781250000000e+01 6.627734375000000000e+01
-7.437500000000000000e+01 6.657039741847825098e+01
-7.450818556882022392e+01 6.674218750000000000e+01
-7.480936219262295594e+01 6.720703125000000000e+01
-7.483984375000000000e+01 6.725661458333333087e+01
-7.513645833333333712e+01 6.767187500000000000e+01
-7.530468750000000000e+01 6.796384297520661733e+01
-7.542560061416185135e+01 6.813671875000000000e+01
-7.571414561170212210e+01 6.860156250000000000e+01
-7.576953125000000000e+01 6.869194878472222854e+01
-7.604464285714286120e+01 6.906640625000000000e+01
-7.623437500000000000e+01 6.938155455508474745e+01
-7.634208269817074211e+01 6.953125000000000000e+01
-7.662484374999999659e+01 6.999609375000000000e+01
-7.669921875000000000e+01 7.013214557926828263e+01
-7.691664566532259073e+01 7.046093750000000000e+01
-7.715072681864754145e+01 7.092578125000000000e+01
-7.716406250000000000e+01 7.095457688053097911e+01
-7.740799040841584144e+01 7.139062500000000000e+01
-7.758970256024096557e+01 7.185546875000000000e+01
-7.762890625000000000e+01 7.196043346774193594e+01
-7.780598958333334281e+01 7.232031250000000000e+01
-7.801428952991452093e+01 7.278515625000000000e+01
-7.809375000000000000e+01 7.294684103260870245e+01
-7.828636481353591137e+01 7.325000000000000000e+01
-7.853626501091702039e+01 7.371484375000000000e+01
-7.855859375000000000e+01 7.375745442708333144e+01
-7.881320665829144900e+01 7.417968750000000000e+01
-7.901587906504065018e+01 7.464453125000000000e+01
-7.902343750000000000e+01 7.466174768518519045e+01
-7.925698218599033851e+01 7.510937500000000000e+01
-7.944737499999999386e+01 7.557421875000000000e+01
-7.948828125000000000e+01 7.567964722938144462e+01
-7.966002155172412813e+01 7.603906250000000000e+01
-7.984919651930894702e+01 7.650390625000000000e+01
-7.995312500000000000e+01 7.676747744845360444e+01
-8.005587993421052317e+01 7.696875000000000000e+01
-8.028067312763712948e+01 7.743359375000000000e+01
-8.041796875000000000e+01 7.774348958333332860e+01
-8.050591216216216139e+01 7.789843750000000000e+01
-8.074355551160337541e+01 7.836328125000000000e+01
-8.088281250000000000e+01 7.867760416666666856e+01
-8.096778393817204744e+01 7.882812500000000000e+01
-8.119993048199151531e+01 7.929296875000000000e+01
-8.134765625000000000e+01 7.964871651785713880e+01
-8.140334065755209281e+01 7.975781250000000000e+01
-8.162772947175731986e+01 8.022265625000000000e+01
-8.181250000000000000e+01 8.064322916666665719e+01
-8.183696546052631504e+01 8.068750000000000000e+01
-8.208234573622881669e+01 8.115234375000000000e+01
-8.227060688405796895e+01 8.161718750000000000e+01
-8.227734375000000000e+01 8.163424598623853967e+01
-8.248863636363635976e+01 8.208203125000000000e+01
-8.266215945512820440e+01 8.254687500000000000e+01
-8.274218750000000000e+01 8.278179603494623962e+01
-8.284027379587155338e+01 8.301171875000000000e+01
-8.301407724056603854e+01 8.347656250000000000e+01
-8.315873579545454675e+01 8.394140625000000000e+01
-8.320703125000000000e+01 8.409798519736841627e+01
-8.332956328451882655e+01 8.440625000000000000e+01
-8.348133833922261715e+01 8.487109375000000000e+01
-8.360360107421874432e+01 8.533593750000000000e+01
-8.367187500000000000e+01 8.560903320312500853e+01
-8.374005208333332462e+01 8.580078125000000000e+01
-8.388079353932585036e+01 8.626562500000000000e+01
-8.400044533794788038e+01 8.673046875000000000e+01
-8.412016645029673612e+01 8.719531250000000000e+01
-8.413671875000000000e+01 8.725661057692308020e+01
-8.429037003138074624e+01 8.766015625000000000e+01
-8.442342894616788840e+01 8.812500000000000000e+01
-8.452460161423840646e+01 8.858984375000000000e+01
-8.460156250000000000e+01 8.902025462962963331e+01
-8.461119656735750993e+01 8.905468750000000000e+01
-8.472422960069444287e+01 8.951953125000000000e+01
-8.481702655579398709e+01 8.998437500000000000e+01
-8.489652359437751272e+01 9.044921875000000000e+01
-8.495547762784090651e+01 9.091406250000000000e+01
-8.499760266245488083e+01 9.137890625000000000e+01
-8.503203400088028729e+01 9.184375000000000000e+01
-8.506320043103448825e+01 9.230859375000000000e+01
-8.506640625000000000e+01 9.237500000000000000e+01
-8.509883720930233153e+01 9.277343750000000000e+01
-8.512647033005617914e+01 9.323828125000000000e+01
-8.514007001366120164e+01 9.370312500000000000e+01
-8.512515024038461320e+01 9.416796875000000000e+01
-8.509828124999999943e+01 9.463281250000000000e+01
-8.506640625000000000e+01 9.509765625000000000e+01
-8.505510796440972854e+01 9.556250000000000000e+01
-8.505331205985915233e+01 9.602734375000000000e+01
-8.505157081117020823e+01 9.649218750000000000e+01
-8.505146484374999716e+01 9.695703125000000000e+01
-8.505637365107912728e+01 9.742187500000000000e+01
-8.505969370487363790e+01 9.788671875000000000e+01
-8.505615234375000000e+01 9.835156250000000000e+01
-8.503307783018868804e+01 9.881640625000000000e+01
-8.500235297736220730e+01 9.928125000000000000e+01
-7.791270559210525448e+01 9.974609375000000000e+01
-7.795871159217877278e+01 9.928125000000000000e+01
-7.803706173780487632e+01 9.881640625000000000e+01
-7.809375000000000000e+01 9.860019985465116577e+01
-7.813686050907259073e+01 9.835156250000000000e+01
-7.822803819444445139e+01 9.788671875000000000e+01
-7.831705729166667140e+01 9.742187500000000000e+01
-7.839094518442622928e+01 9.695703125000000000e+01
-7.845132211538461320e+01 9.649218750000000000e+01
-7.851389723557693401e+01 9.602734375000000000e+01
-7.855859375000000000e+01 9.572418478260870245e+01
-7.857483283296943455e+01 9.556250000000000000e+01
-7.860719105113636829e+01 9.509765625000000000e+01
-7.862315538194444287e+01 9.463281250000000000e+01
-7.862469538417431636e+01 9.416796875000000000e+01
-7.858958333333333712e+01 9.370312500000000000e+01
-7.855859375000000000e+01 9.347820060483871885e+01
-7.851122113853503492e+01 9.323828125000000000e+01
-7.840718749999999204e+01 9.277343750000000000e+01
-7.831648763020834281e+01 9.230859375000000000e+01
-7.824645229468599439e+01 9.184375000000000000e+01
-7.818330705275229775e+01 9.137890625000000000e+01
-7.811598165760869961e+01 9.091406250000000000e+01
-7.809375000000000000e+01 9.080290421195653039e+01
-7.799269701086956275e+01 9.044921875000000000e+01
-7.784989754098361914e+01 8.998437500000000000e+01
-7.771691064927185266e+01 8.951953125000000000e+01
-7.762890625000000000e+01 8.918381076388888573e+01
-7.758242187499999432e+01 8.905468750000000000e+01
-7.742171874999999659e+01 8.858984375000000000e+01
-7.727452042079207217e+01 8.812500000000000000e+01
-7.716406250000000000e+01 8.774030172413793593e+01
-7.713327814569535690e+01 8.766015625000000000e+01
-7.697812500000000568e+01 8.719531250000000000e+01
-7.684601151315789025e+01 8.673046875000000000e+01
-7.671113782051281760e+01 8.626562500000000000e+01
-7.669921875000000000e+01 8.622843749999999829e+01
-7.651593750000000682e+01 8.580078125000000000e+01
-7.634321646341463463e+01 8.533593750000000000e+01
-7.623437500000000000e+01 8.501256793478260931e+01
-7.617139616935483559e+01 8.487109375000000000e+01
-7.598596643518519045e+01 8.440625000000000000e+01
-7.583563288417431636e+01 8.394140625000000000e+01
-7.576953125000000000e+01 8.375899920886075734e+01
-7.563264474693251316e+01 8.347656250000000000e+01
-7.540462890624999659e+01 8.301171875000000000e+01
-7.530468750000000000e+01 8.280981691919191690e+01
-7.514692234848484986e+01 8.254687500000000000e+01
-7.490496678743960501e+01 8.208203125000000000e+01
-7.483984375000000000e+01 8.195721209490741899e+01
-7.462757406069364663e+01 8.161718750000000000e+01
-7.437500000000000000e+01 8.115723684210526301e+01
-7.437163156702898448e+01 8.115234375000000000e+01
-7.406510416666665719e+01 8.068750000000000000e+01
-7.391015625000000000e+01 8.040577651515151558e+01
-7.379088712993420529e+01 8.022265625000000000e+01
-7.351552327473959281e+01 7.975781250000000000e+01
-7.344531250000000000e+01 7.964259481837606813e+01
-7.321156249999999943e+01 7.929296875000000000e+01
-7.298046875000000000e+01 7.891144604952830832e+01
-7.292158854166666515e+01 7.882812500000000000e+01
-7.261892361111111427e+01 7.836328125000000000e+01
-7.251562500000000000e+01 7.819140625000000000e+01
-7.231293150436046346e+01 7.789843750000000000e+01
-7.205078125000000000e+01 7.744298453282827666e+01
-7.204423415492956906e+01 7.743359375000000000e+01
-7.173689191365978957e+01 7.696875000000000000e+01
-7.158593750000000000e+01 7.669759114583332860e+01
-7.146068020209580141e+01 7.650390625000000000e+01
-7.119681490384616041e+01 7.603906250000000000e+01
-7.112109375000000000e+01 7.589843750000000000e+01
-7.091695601851851904e+01 7.557421875000000000e+01
-7.068008814102563520e+01 7.510937500000000000e+01
-7.065625000000000000e+01 7.506289062500000853e+01
-7.039613018134714650e+01 7.464453125000000000e+01
-7.019140625000000000e+01 7.425332611386137671e+01
-7.014342237903224486e+01 7.417968750000000000e+01
-6.985872395833332860e+01 7.371484375000000000e+01
-6.972656250000000000e+01 7.347625138274335654e+01
-6.957528198964496369e+01 7.325000000000000000e+01
-6.930298992406542880e+01 7.278515625000000000e+01
-6.926171875000000000e+01 7.271506076388888573e+01
-6.898992486338798358e+01 7.232031250000000000e+01
-6.879687500000000000e+01 7.199620126146788834e+01
-6.869252232142856940e+01 7.185546875000000000e+01
-6.836931818181818699e+01 7.139062500000000000e+01
-6.833203125000000000e+01 7.133972969890510285e+01
-6.799646357248519735e+01 7.092578125000000000e+01
-6.786718750000000000e+01 7.075641957364341295e+01
-6.762895507812498863e+01 7.046093750000000000e+01
-6.740234375000000000e+01 7.016374231557377072e+01
-6.726128771551724128e+01 6.999609375000000000e+01
-6.693750000000000000e+01 6.959481837606837473e+01
-6.688199626865670666e+01 6.953125000000000000e+01
-6.649589843749998863e+01 6.906640625000000000e+01
-6.647265625000000000e+01 6.903832843959730781e+01
-6.609648211705201959e+01 6.860156250000000000e+01
-6.600781250000000000e+01 6.849649507705478868e+01
-6.568356963734566989e+01 6.813671875000000000e+01
-6.554296875000000000e+01 6.798070954623287321e+01
-6.525758999208861155e+01 6.767187500000000000e+01
-6.507812500000000000e+01 6.747077238475176841e+01
-6.483664772727271952e+01 6.720703125000000000e+01
-6.461328125000000000e+01 6.696815321180555713e+01
-6.439192708333332860e+01 6.674218750000000000e+01
-6.414843750000000000e+01 6.650196623322148071e+01
-6.392531249999999687e+01 6.627734375000000000e+01
-6.368359375000000000e+01 6.604492187500000000e+01
-6.344347578642383922e+01 6.581250000000000000e+01
-6.321875000000000000e+01 6.559215198863635976e+01
-6.297892615445859832e+01 6.534765625000000000e+01
-6.275390625000000000e+01 6.510060642482517324e+01
-6.255553343949043921e+01 6.488281250000000000e+01
-6.228906250000000000e+01 6.458610372340426409e+01
-6.213411458333333570e+01 6.441796875000000000e+01
-6.182421875000000000e+01 6.407188070255475054e+01
-6.171354166666666430e+01 6.395312500000000000e+01
-6.135937500000000000e+01 6.355264423076923208e+01
-6.130167025862068897e+01 6.348828125000000000e+01
-6.091824776785714590e+01 6.302343750000000000e+01
-6.089453125000000000e+01 6.299223993288590862e+01
-6.055624181937172779e+01 6.255859375000000000e+01
-6.042968750000000000e+01 6.237547348484848442e+01
-6.020293445121951237e+01 6.209375000000000000e+01
-5.996484375000000000e+01 6.178869628906250000e+01
-5.981220848880597174e+01 6.162890625000000000e+01
-5.950000000000000000e+01 6.132353444343064552e+01
-5.932380922379032739e+01 6.116406250000000000e+01
-5.903515625000000000e+01 6.092384123322148071e+01
-5.878351151315789735e+01 6.069921875000000000e+01
-5.857031250000000000e+01 6.051861066878980466e+01
-5.826041666666667140e+01 6.023437500000000000e+01
-5.810546875000000000e+01 6.009996234939760029e+01
-5.772977311643835208e+01 5.976953125000000000e+01
-5.764062500000000000e+01 5.969515624999999659e+01
-5.717578125000000000e+01 5.930468750000000000e+01
-5.671093750000000000e+01 5.891673519736842479e+01
-5.662571614583333002e+01 5.883984375000000000e+01
-5.624609375000000000e+01 5.851676085992907872e+01
-5.607812500000000711e+01 5.837500000000000000e+01
-5.578125000000000000e+01 5.814853766025642301e+01
-5.546610169491525255e+01 5.791015625000000000e+01
-5.531640625000000000e+01 5.781091994382022392e+01
-5.485156250000000000e+01 5.751171875000000000e+01
-5.475195312500000000e+01 5.744531250000000000e+01
-5.438671875000000000e+01 5.724194335937500000e+01
-5.398654891304347814e+01 5.698046875000000000e+01
-5.392187500000000000e+01 5.694328124999999829e+01
-5.345703125000000000e+01 5.667428424401198583e+01
-5.322045898437500000e+01 5.651562500000000000e+01
-5.299218750000000000e+01 5.638383940077318357e+01
-5.252734375000000000e+01 5.607830489309209554e+01
-5.248999023437500000e+01 5.605078125000000000e+01
-5.206250000000000000e+01 5.576408121257485107e+01
-5.184692028985507761e+01 5.558593750000000000e+01
-5.159765625000000000e+01 5.538710260115607298e+01
-5.129687500000000000e+01 5.512109375000000000e+01
-5.113281250000000000e+01 5.497927701271186152e+01
-5.075164062500000739e+01 5.465625000000000000e+01
-5.066796875000000000e+01 5.458949052526595835e+01
-5.020312500000000000e+01 5.423096742021276384e+01
-5.015461956521738784e+01 5.419140625000000000e+01
-4.973828125000000000e+01 5.387221354166666742e+01
-4.956488715277777146e+01 5.372656250000000000e+01
-4.927343750000000000e+01 5.349847146739129755e+01
-4.897330216535432612e+01 5.326171875000000000e+01
-4.880859375000000000e+01 5.314614986187845602e+01
-4.834375000000000000e+01 5.282961047535211208e+01
-4.829679608585858830e+01 5.279687500000000000e+01
-4.787890625000000000e+01 5.255207562869821913e+01
-4.755270010964912331e+01 5.233203125000000000e+01
-4.741406250000000000e+01 5.225180440989846886e+01
-4.694921875000000000e+01 5.199344135802468259e+01
-4.673836179123711076e+01 5.186718750000000000e+01
-4.648437500000000000e+01 5.174084535256410788e+01
-4.601953125000000000e+01 5.148686079545454675e+01
-4.587650240384614619e+01 5.140234375000000000e+01
-4.555468750000000000e+01 5.124657164228723616e+01
-4.508984375000000000e+01 5.100522557947019209e+01
-4.496809895833332860e+01 5.093750000000000000e+01
-4.462500000000000000e+01 5.079045758928570820e+01
-4.416015625000000000e+01 5.055743907232704260e+01
-4.401674700797872219e+01 5.047265625000000000e+01
-4.369531250000000000e+01 5.032669082125603666e+01
-4.323046875000000000e+01 5.008106060606060339e+01
-4.310324835526316178e+01 5.000781250000000000e+01
-4.276562500000000000e+01 4.985058593750000000e+01
-4.230078125000000000e+01 4.961426380368098421e+01
-4.215551757812500000e+01 4.954296875000000000e+01
-4.183593750000000000e+01 4.942675781250000000e+01
-4.137109375000000000e+01 4.928368404522612423e+01
-4.090625000000000000e+01 4.913588664940827755e+01
-4.073794450431034875e+01 4.907812500000000000e+01
-4.044140625000000000e+01 4.900763639856558029e+01
-3.997656250000000000e+01 4.888389451291079979e+01
-3.951171875000000000e+01 4.873465711805556566e+01
-3.916493055555555713e+01 4.861328125000000000e+01
-3.904687500000000000e+01 4.858242025414938325e+01
-3.858203125000000000e+01 4.848076923076922640e+01
-3.811718750000000000e+01 4.837146859217172334e+01
-3.765234375000000000e+01 4.824032521802325846e+01
-3.736498579545454390e+01 4.814843750000000000e+01
-3.718750000000000000e+01 4.810859374999999716e+01
-3.672265625000000000e+01 4.800857300884955237e+01
-3.625781250000000000e+01 4.789550781250000711e+01
-3.579296875000000000e+01 4.776500706214689274e+01
-3.553564453125000000e+01 4.768359375000000000e+01
-3.532812500000000000e+01 4.763766057312253110e+01
-3.486328125000000000e+01 4.753468276515151558e+01
-3.439843750000000000e+01 4.742154947916666430e+01
-3.393359375000000000e+01 4.730397135416666998e+01
-3.354026442307691980e+01 4.721875000000000000e+01
-3.346875000000000000e+01 4.720712890624999858e+01
-3.300390625000000000e+01 4.716064453125000000e+01
-3.253906250000000000e+01 4.711872033227847822e+01
-3.207421875000000000e+01 4.706933593749999289e+01
-3.160937500000000000e+01 4.701340640169902940e+01
-3.114453125000000000e+01 4.694820601851851904e+01
-3.067968750000000000e+01 4.687011718750000000e+01
-3.021484375000000000e+01 4.677424316406249716e+01
-3.013141025641024839e+01 4.675390625000000000e+01
-2.975000000000000000e+01 4.669140625000000000e+01
-2.928515625000000000e+01 4.660864257812500000e+01
-2.882031250000000000e+01 4.652485280797101552e+01
-2.835546875000000000e+01 4.643572443181817988e+01
-2.789062500000000000e+01 4.633666698042168264e+01
-2.767704814189190188e+01 4.628906250000000000e+01
-2.742578125000000000e+01 4.625260416666665719e+01
-2.696093750000000000e+01 4.620178571428571246e+01
-2.649609375000000000e+01 4.616891220868643586e+01
-2.603125000000000000e+01 4.614900040938865544e+01
-2.556640625000000000e+01 4.613204861111111654e+01
-2.510156250000000000e+01 4.611501141552511029e+01
-2.463671875000000000e+01 4.609412802419355160e+01
-2.417187500000000000e+01 4.607285610465115866e+01
-2.370703125000000000e+01 4.605000000000000426e+01
-2.324218750000000000e+01 4.601154384328357594e+01
-2.277734375000000000e+01 4.594800866168478848e+01
-2.231250000000000000e+01 4.585802556818181586e+01
-2.217304687499999716e+01 4.582421875000000000e+01
-2.184765625000000000e+01 4.577297613188976300e+01
-2.138281250000000000e+01 4.570199690193965125e+01
-2.091796875000000000e+01 4.566054137323943252e+01
-2.045312500000000000e+01 4.567077518203883102e+01
-1.998828125000000000e+01 4.572116376768868662e+01
-1.952343750000000000e+01 4.578362104257641363e+01
-1.920285560344828468e+01 4.582421875000000000e+01
-1.905859375000000000e+01 4.584927020958082977e+01
-1.859375000000000000e+01 4.592559424867020823e+01
-1.812890625000000000e+01 4.597992995689655515e+01
-1.766406250000000000e+01 4.602840245327102764e+01
-1.719921875000000000e+01 4.608110608552631504e+01
-1.673437500000000000e+01 4.613798828125000284e+01
-1.626953125000000000e+01 4.619051562500000330e+01
-1.580468750000000000e+01 4.622804054054054035e+01
-1.533984375000000000e+01 4.625748820754716917e+01
-1.487500000000000000e+01 4.628389756944444144e+01
-1.479296875000000000e+01 4.628906250000000000e+01
-1.441015625000000000e+01 4.632711988304093609e+01
-1.394531250000000000e+01 4.636137152777778425e+01
-1.348046875000000000e+01 4.637653309811827995e+01
-1.301562500000000000e+01 4.638153141801074497e+01
-1.255078125000000000e+01 4.639482060185184764e+01
-1.208593750000000000e+01 4.642493990384615898e+01
-1.162109375000000000e+01 4.647135416666667140e+01
-1.115625000000000000e+01 4.651814817583732520e+01
-1.069140625000000000e+01 4.656618088942307310e+01
-1.022656250000000000e+01 4.661174529733010274e+01
-9.761718750000000000e+00 4.666815837378641163e+01
-9.296875000000000000e+00 4.671898840962440858e+01
-8.905427631578945125e+00 4.675390625000000000e+01
-8.832031250000000000e+00 4.676320312500000398e+01
-8.367187500000000000e+00 4.680980518196202667e+01
-7.902343750000000000e+00 4.685689558383233333e+01
-7.437500000000000000e+00 4.691401909722221575e+01
-6.972656250000000000e+00 4.699107142857143060e+01
-6.507812500000000000e+00 4.708037790697674296e+01
-6.042968750000000000e+00 4.716687902360514784e+01
-5.748189786585371053e+00 4.721875000000000000e+01
-5.578125000000000000e+00 4.726050243263473760e+01
-5.113281250000000000e+00 4.737453547297297973e+01
-4.648437500000000000e+00 4.748371093749999972e+01
-4.183593750000000000e+00 4.758756968896713602e+01
-3.738960597826078924e+00 4.768359375000000000e+01
-3.718750000000000000e+00 4.768959173387096229e+01
-3.253906250000000000e+00 4.782437499999999631e+01
-2.789062500000000000e+00 4.795743734529703772e+01
-2.324218750000000000e+00 4.808203125000000000e+01
-2.043558372641513188e+00 4.814843750000000000e+01
-1.859375000000000000e+00 4.821101262019230660e+01
-1.394531250000000000e+00 4.835099511173184794e+01
-9.296875000000000000e-01 4.847949695121951663e+01
-4.648437500000000000e-01 4.861126019021739353e+01
-4.581068840579689549e-01 4.861328125000000000e+01
0.000000000000000000e+00 4.878888888888887720e+01
4.648437500000000000e-01 4.894338768115942173e+01
9.296875000000000000e-01 4.907413492489270368e+01
9.435634328358304401e-01 4.907812500000000000e+01
1.394531250000000000e+00 4.924787131320225342e+01
1.859375000000000000e+00 4.938496767241379359e+01
2.324218750000000000e+00 4.949731445312500000e+01
2.532924107142861203e+00 4.954296875000000000e+01
2.789062500000000000e+00 4.961949790396340632e+01
3.253906250000000000e+00 4.973749575407607892e+01
3.718750000000000000e+00 4.983691406250000000e+01
4.183593750000000000e+00 4.992234795403587100e+01
4.648437500000000000e+00 5.000190346927965379e+01
4.690696022727266268e+00 5.000781250000000000e+01
5.113281250000000000e+00 5.009082031250000000e+01
5.578125000000000000e+00 5.015759548611110574e+01
6.042968750000000000e+00 5.021494494818652754e+01
6.507812500000000000e+00 5.026358776913875204e+01
6.972656250000000000e+00 5.030095720720720465e+01
7.437500000000000000e+00 5.032978219696968836e+01
7.902343750000000000e+00 5.034856660487288593e+01
8.367187500000000000e+00 5.036188497340424419e+01
8.832031250000000000e+00 5.037689444742488831e+01
9.296875000000000000e+00 5.041280512339055520e+01
9.761718750000000000e+00 5.046464170258620641e+01
9.865017361111114269e+00 5.047265625000000000e+01
1.022656250000000000e+01 5.051519097222221433e+01
1.069140625000000000e+01 5.049202473958332860e+01
1.077856445312500000e+01 5.047265625000000000e+01
1.115625000000000000e+01 5.041067708333333997e+01
1.162109375000000000e+01 5.029158339389535115e+01
1.208593750000000000e+01 5.021910511363637397e+01
1.255078125000000000e+01 5.031074438202246313e+01
1.285738031914894464e+01 5.047265625000000000e+01
1.301562500000000000e+01 5.057967063848920475e+01
1.348046875000000000e+01 5.090552662037036669e+01
1.353082682291667993e+01 5.093750000000000000e+01
1.394531250000000000e+01 5.123180935650887591e+01
1.429677972560975263e+01 5.140234375000000000e+01
1.441015625000000000e+01 5.146646012931034875e+01
1.487500000000000000e+01 5.169221822331459748e+01
1.526430664062499432e+01 5.186718750000000000e+01
1.533984375000000000e+01 5.190747395833334110e+01
1.580468750000000000e+01 5.214854029605263008e+01
1.626953125000000000e+01 5.232577774663677417e+01
1.628812500000000796e+01 5.233203125000000000e+01
1.673437500000000000e+01 5.251492059426229275e+01
1.719921875000000000e+01 5.266110380569307381e+01
1.765631510416667993e+01 5.279687500000000000e+01
1.766406250000000000e+01 5.279999475671139919e+01
1.812890625000000000e+01 5.298716191520468044e+01
1.859375000000000000e+01 5.315189302884616041e+01
1.888343523550724967e+01 5.326171875000000000e+01
1.905859375000000000e+01 5.334283242449663476e+01
1.952343750000000000e+01 5.356074104532163460e+01
1.991186857876712679e+01 5.372656250000000000e+01
1.998828125000000000e+01 5.376326069078946546e+01
2.045312500000000000e+01 5.395508903631284170e+01
2.091796875000000000e+01 5.411915074481865418e+01
2.108598456325302095e+01 5.419140625000000000e+01
2.138281250000000000e+01 5.434733484968353423e+01
2.184765625000000000e+01 5.463338883196722406e+01
2.187797214673915391e+01 5.465625000000000000e+01
2.231250000000000000e+01 5.499890625000000455e+01
2.247449100378790376e+01 5.512109375000000000e+01
2.277734375000000000e+01 5.535904947916667140e+01
2.308474042338710319e+01 5.558593750000000000e+01
2.324218750000000000e+01 5.571271306818182723e+01
2.370703125000000000e+01 5.605078125000000000e+01
2.417187500000000000e+01 5.640308388157895081e+01
2.433510257633588481e+01 5.651562500000000000e+01
2.463671875000000000e+01 5.674534429505814614e+01
2.496820568647541450e+01 5.698046875000000000e+01
2.510156250000000000e+01 5.709190389554794365e+01
2.556640625000000000e+01 5.743801128926700983e+01
2.557673611111113132e+01 5.744531250000000000e+01
2.603125000000000000e+01 5.778431457182320230e+01
2.623105126096490380e+01 5.791015625000000000e+01
2.649609375000000000e+01 5.809666763117284916e+01
2.696093750000000000e+01 5.837500000000000000e+01
2.742578125000000000e+01 5.867964336158192395e+01
2.770652846534653690e+01 5.883984375000000000e+01
2.789062500000000000e+01 5.896137152777777146e+01
2.835546875000000000e+01 5.923684543918918166e+01
2.847851562500000000e+01 5.930468750000000000e+01
2.882031250000000000e+01 5.951857266104295263e+01
2.928515625000000000e+01 5.974715909090907928e+01
2.933164062500000568e+01 5.976953125000000000e+01
2.975000000000000000e+01 6.000052722392638316e+01
3.021484375000000000e+01 6.021659409153005527e+01
3.025181995738634555e+01 6.023437500000000000e+01
3.067968750000000000e+01 6.046679687500000000e+01
3.114453125000000000e+01 6.068623428770949602e+01
3.117287538109755474e+01 6.069921875000000000e+01
3.160937500000000000e+01 6.092866085737179560e+01
3.207421875000000000e+01 6.113200431034483984e+01
3.215063142123287321e+01 6.116406250000000000e+01
3.253906250000000000e+01 6.135565350506756488e+01
3.300390625000000000e+01 6.155049887048193114e+01
3.320727539062500000e+01 6.162890625000000000e+01
3.346875000000000000e+01 6.174758976063829152e+01
3.393359375000000000e+01 6.193682822452228720e+01
3.433747438524591189e+01 6.209375000000000000e+01
3.439843750000000000e+01 6.212303149606299257e+01
3.486328125000000000e+01 6.235541701158940953e+01
3.530156249999998863e+01 6.255859375000000000e+01
3.532812500000000000e+01 6.257323449803149629e+01
3.579296875000000000e+01 6.282949606788079677e+01
3.617829975328947967e+01 6.302343750000000000e+01
3.625781250000000000e+01 6.307028221899224718e+01
3.672265625000000000e+01 6.333843030427631504e+01
3.699708207831324103e+01 6.348828125000000000e+01
3.718750000000000000e+01 6.360892771946565460e+01
3.765234375000000000e+01 6.388847785596026085e+01
3.774620643028848122e+01 6.395312500000000000e+01
3.811718750000000000e+01 6.423474566605838731e+01
3.832812500000000000e+01 6.441796875000000000e+01
3.858203125000000000e+01 6.464686908143939092e+01
3.884375000000000000e+01 6.488281250000000000e+01
3.904687500000000000e+01 6.506455592105263008e+01
3.938916903409091219e+01 6.534765625000000000e+01
3.951171875000000000e+01 6.545550000000000068e+01
3.992877482476637852e+01 6.581250000000000000e+01
3.997656250000000000e+01 6.585583289194916290e+01
4.043287700688071595e+01 6.627734375000000000e+01
4.044140625000000000e+01 6.628564453125000000e+01
4.090625000000000000e+01 6.672137360074626145e+01
4.093137668918919303e+01 6.674218750000000000e+01
4.137109375000000000e+01 6.711194957386362603e+01
4.150048324742266459e+01 6.720703125000000000e+01
4.183593750000000000e+01 6.745927204457363757e+01
4.214759410511365445e+01 6.767187500000000000e+01
4.230078125000000000e+01 6.778515625000000000e+01
4.276562500000000000e+01 6.810502485795454675e+01
4.281159855769229239e+01 6.813671875000000000e+01
4.323046875000000000e+01 6.844915471311476551e+01
4.343040154569894185e+01 6.860156250000000000e+01
4.369531250000000000e+01 6.882553267045453538e+01
4.396294981060606233e+01 6.906640625000000000e+01
4.416015625000000000e+01 6.926164062499999829e+01
4.439665570175438347e+01 6.953125000000000000e+01
4.462500000000000000e+01 6.979687500000000000e+01
4.476961805555555429e+01 6.999609375000000000e+01
4.508984375000000000e+01 7.041580703883495573e+01
4.512083333333333712e+01 7.046093750000000000e+01
4.545220226377952599e+01 7.092578125000000000e+01
4.555468750000000000e+01 7.105859375000000000e+01
4.579571759259260944e+01 7.139062500000000000e+01
4.601953125000000000e+01 7.167039207175925242e+01
4.616437386775362484e+01 7.185546875000000000e+01
4.648437500000000000e+01 7.222347005208332860e+01
4.656858582427537385e+01 7.232031250000000000e+01
4.694921875000000000e+01 7.273068237304687500e+01
4.700125349813433218e+01 7.278515625000000000e+01
4.741406250000000000e+01 7.320741889312976980e+01
4.745632102272725206e+01 7.325000000000000000e+01
4.787890625000000000e+01 7.366319444444444287e+01
4.793513734879033450e+01 7.371484375000000000e+01
4.834375000000000000e+01 7.408740234375000000e+01
4.845581054687500000e+01 7.417968750000000000e+01
4.880859375000000000e+01 7.447455107276120145e+01
4.903636718749999091e+01 7.464453125000000000e+01
4.927343750000000000e+01 7.484890220905171532e+01
4.957558593749999432e+01 7.510937500000000000e+01
4.973828125000000000e+01 7.527371369949494806e+01
5.002433894230770761e+01 7.557421875000000000e+01
5.020312500000000000e+01 7.577415154569892763e+01
5.044001652644229239e+01 7.603906250000000000e+01
5.066796875000000000e+01 7.629674762228260931e+01
5.084281823394493927e+01 7.650390625000000000e+01
5.113281250000000000e+01 7.685512152777778283e+01
5.121875000000000000e+01 7.696875000000000000e+01
5.154895833333333144e+01 7.743359375000000000e+01
5.159765625000000000e+01 7.750461154513888573e+01
5.183199896694216591e+01 7.789843750000000000e+01
5.206250000000000000e+01 7.829126320422534491e+01
5.209728422619048160e+01 7.836328125000000000e+01
5.228321717625897236e+01 7.882812500000000000e+01
5.245471191406250000e+01 7.929296875000000000e+01
5.252734375000000000e+01 7.950917514534883423e+01
5.259375000000000000e+01 7.975781250000000000e+01
5.271579391891893351e+01 8.022265625000000000e+01
5.286036613805970319e+01 8.068750000000000000e+01
5.299218750000000000e+01 8.103385416666667140e+01
5.303247395833332689e+01 8.115234375000000000e+01
5.318669658687943524e+01 8.161718750000000000e+01
5.334255480410448058e+01 8.208203125000000000e+01
5.345703125000000000e+01 8.243877180232557578e+01
5.348390083092485270e+01 8.254687500000000000e+01
5.359704442771084132e+01 8.301171875000000000e+01
5.372309313322369917e+01 8.347656250000000000e+01
5.389722419507575069e+01 8.394140625000000000e+01
5.392187500000000000e+01 8.399849232456141124e+01
5.407279829545453254e+01 8.440625000000000000e+01
5.427301596223020397e+01 8.487109375000000000e+01
5.438671875000000000e+01 8.509687499999999716e+01
5.448752823795180689e+01 8.533593750000000000e+01
5.470293898809524080e+01 8.580078125000000000e+01
5.485156250000000000e+01 8.607387695312500853e+01
5.494803950471697362e+01 8.626562500000000000e+01
5.520805921052630083e+01 8.673046875000000000e+01
5.531640625000000000e+01 8.691059570312499716e+01
5.546527777777777146e+01 8.719531250000000000e+01
5.569963621183205760e+01 8.766015625000000000e+01
5.578125000000000000e+01 8.783259828629032029e+01
5.589598991297469865e+01 8.812500000000000000e+01
5.605755572552448029e+01 8.858984375000000000e+01
5.621033653846151878e+01 8.905468750000000000e+01
5.624609375000000000e+01 8.916279069767442422e+01
5.634020322085888210e+01 8.951953125000000000e+01
5.644321103639242665e+01 8.998437500000000000e+01
5.652864583333334281e+01 9.044921875000000000e+01
5.661985325168919303e+01 9.091406250000000000e+01
5.671093750000000000e+01 9.133532714843750000e+01
5.671798058712121815e+01 9.137890625000000000e+01
5.679325358072915719e+01 9.184375000000000000e+01
5.686504330842390686e+01 9.230859375000000000e+01
5.694600053267043904e+01 9.277343750000000000e+01
5.704618844696972246e+01 9.323828125000000000e+01
5.716330222315434639e+01 9.370312500000000000e+01
5.717578125000000000e+01 9.374538352272728048e+01
5.726968907828282340e+01 9.416796875000000000e+01
5.740292080965909349e+01 9.463281250000000000e+01
5.757554687500001478e+01 9.509765625000000000e+01
5.764062500000000000e+01 9.526596174568965125e+01
5.773162615740739056e+01 9.556250000000000000e+01
5.786906250000001251e+01 9.602734375000000000e+01
5.801191529088049492e+01 9.649218750000000000e+01
5.810546875000000000e+01 9.677824519230769340e+01
5.814911605046950172e+01 9.695703125000000000e+01
5.826518429487180128e+01 9.742187500000000000e+01
5.839765625000001137e+01 9.788671875000000000e+01
5.854600694444442865e+01 9.835156250000000000e+01
5.857031250000000000e+01 9.842903645833332860e+01
5.866566506410256920e+01 9.881640625000000000e+01
5.877139659410113381e+01 9.928125000000000000e+01
5.887642911585368211e+01 9.974609375000000000e+01
5.895819536423840646e+01 1.002109375000000000e+02
5.897862119932432279e+01 1.006757812500000000e+02
5.895258532072369917e+01 1.011406250000000000e+02
5.891968550955414230e+01 1.016054687500000000e+02
5.890523097826087451e+01 1.020703125000000000e+02
5.891298577724359120e+01 1.025351562500000000e+02
5.893048944536423051e+01 1.030000000000000000e+02
5.895874357876712679e+01 1.034648437500000000e+02
5.897295884683097711e+01 1.039296875000000000e+02
5.894539331896552881e+01 1.043945312500000000e+02
6.692928721289752048e+01 1.048593750000000000e+02
6.693750000000000000e+01 1.047792295258620783e+02
6.699113581730770761e+01 1.043945312500000000e+02
