8.297077951953372121e+01 1.030276861034250828e+02
8.294911804310299885e+01 1.034935696317080271e+02
8.291738937986951896e+01 1.039598047139007377e+02
8.287619783980005650e+01 1.044263702470341713e+02
8.283142693243021881e+01 1.048758338450629140e+02
8.283033846615413154e+01 1.048930987845079414e+02
8.280345367722645733e+01 1.053591647148825814e+02
8.277089285475557290e+01 1.058254288567162007e+02
8.273552103494313315e+01 1.062917911607400328e+02
8.269856732082774897e+01 1.067582087057301692e+02
8.266730433671884271e+01 1.072244275260495243e+02
8.264377413453863142e+01 1.076903763116736030e+02
8.262847437640269277e+01 1.081560376838584006e+02
8.261550148490408674e+01 1.086216178000697283e+02
8.261598118641515498e+01 1.090867281413814851e+02
8.263690161444304749e+01 1.095511246767943163e+02
8.267446160111575182e+01 1.100149401460152632e+02
8.271328984940953433e+01 1.104787113265644791e+02
8.275443010401298238e+01 1.109424017700742979e+02
8.279426612592547485e+01 1.114061377583932710e+02
8.283617069392619214e+01 1.118698015114911328e+02
8.287092650869814747e+01 1.123337149045526360e+02
8.289838254875166967e+01 1.127978832113644216e+02
8.291902989496949772e+01 1.132622892830041934e+02
8.293149108376229606e+01 1.137269812215604219e+02
8.293633082929275702e+01 1.141919393067800002e+02
8.293568614472695799e+01 1.146570889125187733e+02
8.292457719781069159e+01 1.151226039383509914e+02
8.289952051416022982e+01 1.155886060298826408e+02
8.286123428754478937e+01 1.160550701072346413e+02
8.280264187128381081e+01 1.165222432923545028e+02
8.277752468163410526e+01 1.166517725785647599e+02
8.273830852801327751e+01 1.169896169550631413e+02
8.267066311806604517e+01 1.174571062776887374e+02
8.258671422642851212e+01 1.179251649304403600e+02
8.248536047516526537e+01 1.183938313742829962e+02
8.238664140311882988e+01 1.187778372507622748e+02
8.237094643370556923e+01 1.188629538935090864e+02
8.228587272325358981e+01 1.193310518257992499e+02
8.219164479907627197e+01 1.197994694302767869e+02
8.207908529229473515e+01 1.202685271877248709e+02
8.198489489029998367e+01 1.205928195939711856e+02
8.195393459023850369e+01 1.207380246394007628e+02
8.184896233928006382e+01 1.212068174440371564e+02
8.172141284071076939e+01 1.216763986635331491e+02
8.157208985226228037e+01 1.220911272080781060e+02
8.155537929416314569e+01 1.221473237755976839e+02
8.142182600369071110e+01 1.226171146521267872e+02
8.127243398348582559e+01 1.230874586292859334e+02
8.115243267000698779e+01 1.233932150848399090e+02
8.110073994928313823e+01 1.235585814099350870e+02
8.095008958364434193e+01 1.240289693294850650e+02
8.076308844522623076e+01 1.245006266459921136e+02
8.072863902425206106e+01 1.245768501451290717e+02
8.060341105819699692e+01 1.249713297960752527e+02
8.041232489029709996e+01 1.254431297649552022e+02
8.030130736719411289e+01 1.256591698176276282e+02
8.020305685836453335e+01 1.259155646585179653e+02
7.999096303637128358e+01 1.263880982308440792e+02
7.986949836984703666e+01 1.266132752395725589e+02
7.976715429919053690e+01 1.268610408970230594e+02
7.953504183500371028e+01 1.273342735357387454e+02
7.943525417174467407e+01 1.274976456358953527e+02
7.928726995085878571e+01 1.278080530134491681e+02
7.900023251428612525e+01 1.282832036744648860e+02
7.899770128241743805e+01 1.282872675122675901e+02
7.876883531495039392e+01 1.287564113355815607e+02
7.856054816473240976e+01 1.290883373506403871e+02
7.848346639321133011e+01 1.292315037307753869e+02
7.820015984120757935e+01 1.297065241064310612e+02
7.812113416883352102e+01 1.298246641078397090e+02
7.792471060588238174e+01 1.301812700985421998e+02
7.768122707212694422e+01 1.305468703054160073e+02
7.761862915415011344e+01 1.306570857912214763e+02
7.733473108459881473e+01 1.311321268231251054e+02
7.724129227383576790e+01 1.312682832333995293e+02
7.704760904350848705e+01 1.316072804385956658e+02
7.680071901983521343e+01 1.319714131819787042e+02
7.673523278919017798e+01 1.320833159506250638e+02
7.643630111537709126e+01 1.325588819675577383e+02
7.635983643673841925e+01 1.326656851042114909e+02
7.613324757219260164e+01 1.330345919233405994e+02
7.591768049727826906e+01 1.333234928711036389e+02
7.579863855154604835e+01 1.335114038206781117e+02
7.547503471255782870e+01 1.339672733050519753e+02
7.546193581494094360e+01 1.339882888321879761e+02
7.517091698244564668e+01 1.344635785266129631e+02
7.503379494921830428e+01 1.346513169233848828e+02
7.485490905353432822e+01 1.349397408595137051e+02
7.459126623257725441e+01 1.352984497485064423e+02
7.451513954964590880e+01 1.354167329648969655e+02
7.418433969285382545e+01 1.358934118433015499e+02
7.414857203115383300e+01 1.359408437094859607e+02
7.387678021576061838e+01 1.363692791497637984e+02
7.370673489503619180e+01 1.366077808096407864e+02
7.355597060539236054e+01 1.368456091610758563e+02
7.326421717691238200e+01 1.372552285910875867e+02
7.321948823307565135e+01 1.373224864772952287e+02
7.289301663902412542e+01 1.377990142094343469e+02
7.282143786211130987e+01 1.378951852238261324e+02
7.258474654024462325e+01 1.382749063313526676e+02
7.238026195217884151e+01 1.385810573644970702e+02
7.228740395337203495e+01 1.387504168561465860e+02
7.202968689284600146e+01 1.392245436270689822e+02
7.194254773950532922e+01 1.393660595446652621e+02
7.177733105285295778e+01 1.396984831800449172e+02
7.150507977665685644e+01 1.401581133971928637e+02
7.149712571036059217e+01 1.401733952590781200e+02
7.125389329268739402e+01 1.406470162151262571e+02
7.106717321883050431e+01 1.409376075328456182e+02
7.096168517819515387e+01 1.411223474401936926e+02
7.066836531012012301e+01 1.415977174885517513e+02
7.062726065707678913e+01 1.416596572319480174e+02
7.040353595078215676e+01 1.420720926264214938e+02
7.018755758562861047e+01 1.423877059484995016e+02
7.009443480571843565e+01 1.425480137691155562e+02
6.978956998046146509e+01 1.430237869762621585e+02
6.974685224407681972e+01 1.430870534045078273e+02
6.951995679946020346e+01 1.434983291688654958e+02
6.930728112497953930e+01 1.438188807420008573e+02
6.921967058187991029e+01 1.439739424875088218e+02
6.894337338139897042e+01 1.444487180912156816e+02
6.886843582434019595e+01 1.445714928006935622e+02
6.869752132092503416e+01 1.449224305272062168e+02
6.843092422748696890e+01 1.453622971388094243e+02
6.841306219210628115e+01 1.453974911517311739e+02
6.817237620798817943e+01 1.458710231843601264e+02
6.799357361217690254e+01 1.461577113851689091e+02
6.789461052190219448e+01 1.463458500687142987e+02
6.759016156474390868e+01 1.468216087534268866e+02
6.755341099209445588e+01 1.468726003506344284e+02
6.729476646209477053e+01 1.472970512705731494e+02
6.711140173595663327e+01 1.475346085782973944e+02
6.693682046302936328e+01 1.477746781131546641e+02
6.666554243364177523e+01 1.480863659084829180e+02
6.651785286097575067e+01 1.482544358770681470e+02
6.621732683761359795e+01 1.485706478150847261e+02
6.604986165491683892e+01 1.487359055829567467e+02
6.576747942753766552e+01 1.490082006813041744e+02
6.552090960498699701e+01 1.492195040884221839e+02
6.531606236640215002e+01 1.494008046222178052e+02
6.491739792497102712e+01 1.497057062735432567e+02
6.486319568520329426e+01 1.497518968758315339e+02
6.440981609851041867e+01 1.500883014378085818e+02
6.421514369022085589e+01 1.501953566246572223e+02
6.395427210409485497e+01 1.503627254720311157e+02
6.349562391268176498e+01 1.505482569347927040e+02
6.303436515980178001e+01 1.506590316981784952e+02
6.267173891326231683e+01 1.507143805999635049e+02
6.257194555588989715e+01 1.507365640373904228e+02
6.210908637147284139e+01 1.508015084379177040e+02
6.164486108703184186e+01 1.508273328521484302e+02
6.117862556907223848e+01 1.507955917101846239e+02
6.103243646209372741e+01 1.507716263029880110e+02
6.071123937882592259e+01 1.507308996251730662e+02
6.024434661307878969e+01 1.506803373690947581e+02
5.977840345127017940e+01 1.506569682119183540e+02
5.931288019910795128e+01 1.506456236937327731e+02
5.884795911240703958e+01 1.506515229382142422e+02
5.838506705699043664e+01 1.507155260364744436e+02
5.792368856543302513e+01 1.508228719327649401e+02
5.758058544007957380e+01 1.508921675968476279e+02
5.746210037406268611e+01 1.509242128120976929e+02
5.699911118050820846e+01 1.509854342380366177e+02
5.653410267195289407e+01 1.509888300481547958e+02
5.606814553135188817e+01 1.509650605907390855e+02
5.581404858618387266e+01 1.509538564231212092e+02
5.560250207278653534e+01 1.509502738115471914e+02
5.513803824200680026e+01 1.509692671524034040e+02
5.498347057996930687e+01 1.509828608462211434e+02
5.467465244806042790e+01 1.510191314290673859e+02
5.421228322799157695e+01 1.510981065727702628e+02
5.375077098552452526e+01 1.512016223441353020e+02
5.328997374666079168e+01 1.513256131397828881e+02
5.282908683586128973e+01 1.514470360671665503e+02
5.247867798012833873e+01 1.515354572240824780e+02
5.236847267115487625e+01 1.515762694207526806e+02
5.190907613488971606e+01 1.517403710907875904e+02
5.144882623319537629e+01 1.518800355722495681e+02
5.098800599635002584e+01 1.520033677918707440e+02
5.075744422479425566e+01 1.520606911241515604e+02
5.052773083569921653e+01 1.521423089514578066e+02
5.006765675209541655e+01 1.522870082042916522e+02
4.960732149298047489e+01 1.524242283690384170e+02
4.914702622981623392e+01 1.525625938679588103e+02
4.908037738834630659e+01 1.525843826814270869e+02
4.868864526771614010e+01 1.527557777770118150e+02
4.822924673083686287e+01 1.529198221569538134e+02
4.776914732602477898e+01 1.530637963052545558e+02
4.766352270584994244e+01 1.530989874300555016e+02
4.731073850983423768e+01 1.532561825775185866e+02
4.685189163270423762e+01 1.534360244257670161e+02
4.639228799248272139e+01 1.535941954144514057e+02
4.634388604229960151e+01 1.536101972506538402e+02
4.593425472527330555e+01 1.537973360024595308e+02
4.547507381924700098e+01 1.539676125146297636e+02
4.501494349889482294e+01 1.541107013576934719e+02
4.497244571458242035e+01 1.541232160950673915e+02
4.455617525419562241e+01 1.542927949441466637e+02
4.409626064434583270e+01 1.544420609277926815e+02
4.363577603713156350e+01 1.545750043225395416e+02
4.341262781010411231e+01 1.546428132294164470e+02
4.317651555867983859e+01 1.547430021785805252e+02
4.271724580773116031e+01 1.549107345050506979e+02
4.225665633764020868e+01 1.550406750199004478e+02
4.179496948956867186e+01 1.551391907409507382e+02
4.159260454360713766e+01 1.551714969352330513e+02
4.133313738605990295e+01 1.552335468905098992e+02
4.086987180775550144e+01 1.552868536927470586e+02
4.040537128858166227e+01 1.553047964154570195e+02
3.994135120431640473e+01 1.553364969938955937e+02
3.947842132733094900e+01 1.553994170241288657e+02
3.901569645783924045e+01 1.554682077008787644e+02
3.855248777916878566e+01 1.555231438954446617e+02
3.808830071932696626e+01 1.555500629189800463e+02
3.762337829412246037e+01 1.555559238337347097e+02
3.715823061536647742e+01 1.555553343307358887e+02
3.669343871596039719e+01 1.555649330153145797e+02
3.622949590501367823e+01 1.555988464120742094e+02
3.576624024764042531e+01 1.556524373126081287e+02
3.530376483597154902e+01 1.557283715267554385e+02
3.484183516050298124e+01 1.558199335809606509e+02
3.459536429374976763e+01 1.558809730419343680e+02
3.438155035068629672e+01 1.559585984245896952e+02
3.392183913922355032e+01 1.561136889759642941e+02
3.346131778039868720e+01 1.562455799422812390e+02
3.300018069544718458e+01 1.563598388192825723e+02
3.279127735291126555e+01 1.564091002389961034e+02
3.253975690527288123e+01 1.564945237861891201e+02
3.208004113731109896e+01 1.566494838565034513e+02
3.162038101659305767e+01 1.568060374553844838e+02
3.132753836438202200e+01 1.569253422236682809e+02
3.116252183270141529e+01 1.570141631373722930e+02
3.070554317252654641e+01 1.572475037195353309e+02
3.026482631809605550e+01 1.574275800389303868e+02
3.024704674234588708e+01 1.574373810553874478e+02
2.978793851016038730e+01 1.576097386740695470e+02
2.932571680221461463e+01 1.576929380122908242e+02
2.886411271641088661e+01 1.577938237346042740e+02
2.867426689174979515e+01 1.579482506908784103e+02
2.841190018321114508e+01 1.581636483360061050e+02
2.821939255176926054e+01 1.584292623457102422e+02
2.796535602044613711e+01 1.586957938288777257e+02
2.777665498000637001e+01 1.589098501752567643e+02
2.751614292198689782e+01 1.591515110032134999e+02
2.721086028655410871e+01 1.593947352541841269e+02
2.706356081457042251e+01 1.595107523837378096e+02
2.660892949276102115e+01 1.598113119418750614e+02
2.648531241372457146e+01 1.598851990370640692e+02
2.615423415536737650e+01 1.601100383335279957e+02
2.569788730203228511e+01 1.603614714963808865e+02
2.566901365489252385e+01 1.603788319107153200e+02
2.524366010586136611e+01 1.606736036986597185e+02
2.492821962423791149e+01 1.608698281011583049e+02
2.478907423152440970e+01 1.609754647021289315e+02
2.433501842384725933e+01 1.612925048287250434e+02
2.423831507588748480e+01 1.613590471917202365e+02
2.388236282046607073e+01 1.616496415601888827e+02
2.360878105257668835e+01 1.618461580970931379e+02
2.342927250807947814e+01 1.619943298544691572e+02
2.297557643002031114e+01 1.623216712895189460e+02
2.295800241831351229e+01 1.623340108806280568e+02
2.252226428671033176e+01 1.626600071772912486e+02
2.223129003045244190e+01 1.628245153292689906e+02
2.206679009530726177e+01 1.629364301082596569e+02
2.160983533101682497e+01 1.631704549790218834e+02
2.122041298903197060e+01 1.633249430262745818e+02
2.115140777065541045e+01 1.633623044884614046e+02
2.069384965165221502e+01 1.635790515408493775e+02
2.023481360344391078e+01 1.637534762381856410e+02
2.001340575202962668e+01 1.638322197406304781e+02
1.977638204533999300e+01 1.639452112672583723e+02
1.931730782441944427e+01 1.641185428411384635e+02
1.885688753431796272e+01 1.642533280370169564e+02
1.846993238445200092e+01 1.643512461111739640e+02
1.839612971750858605e+01 1.643784477325983744e+02
1.793688286543675758e+01 1.645468357971058992e+02
1.747731950882986496e+01 1.647061603575820925e+02
1.701763687005927039e+01 1.648620691238064637e+02
1.700314160228848692e+01 1.648675946668281824e+02
1.656071385058193357e+01 1.650970030470767824e+02
1.610227738271219522e+01 1.652885974788516421e+02
1.587844030718498090e+01 1.653719971943592100e+02
1.564419772295320854e+01 1.654904095580596675e+02
1.518561751419873218e+01 1.656778877894522566e+02
1.472587835778170984e+01 1.658321781020385401e+02
1.455852354358250977e+01 1.658832167962669075e+02
1.426676543682665965e+01 1.660044014519286009e+02
1.380701613626345647e+01 1.661584012741753327e+02
1.334665770981954580e+01 1.662949580134209100e+02
1.292766793739922804e+01 1.664052946218224349e+02
1.288593897148808765e+01 1.664211967701941148e+02
1.242616833768065021e+01 1.665745856882558655e+02
1.196528513871334098e+01 1.666961149086056082e+02
1.150411998868558783e+01 1.668095701069750021e+02
1.104270256067609779e+01 1.669158010091617541e+02
1.093823212386396904e+01 1.669398943441431697e+02
1.058245039771341567e+01 1.670554007363707285e+02
1.012203381545460701e+01 1.671902921109710576e+02
9.661443119825079862e+00 1.673201975309876559e+02
9.200623630384619389e+00 1.674435511534848331e+02
9.105534438353615201e+00 1.674690206504245964e+02
8.741367077527343099e+00 1.676116614238430884e+02
8.281465249268286755e+00 1.677612934243589962e+02
7.821065924642240930e+00 1.678966789929021388e+02
7.497929794580429075e+00 1.679902865344813279e+02
7.361100313090034319e+00 1.680444844788802357e+02
6.902483558114020923e+00 1.682309161634162535e+02
6.442931604798317835e+00 1.683905672714271873e+02
6.006368269724866593e+00 1.685075001035312141e+02
5.982235807267070271e+00 1.685174629667656063e+02
5.522249727521714391e+00 1.686646823203802228e+02
5.060760479744462970e+00 1.687688565735066391e+02
4.598943030182010006e+00 1.688636323571842013e+02
4.136711582861266834e+00 1.689465527961967837e+02
3.674273836069431809e+00 1.690235655913029689e+02
3.448722710130759594e+00 1.690619421474170565e+02
3.212690974700443292e+00 1.691250591019057481e+02
2.751914236026582472e+00 1.692496369461833297e+02
2.290554477204693740e+00 1.693575192778327789e+02
1.828708687082883699e+00 1.694514834940744947e+02
1.366920005821064876e+00 1.695470830940954272e+02
1.073128081426013125e+00 1.696100268327095364e+02
9.059796882124935280e-01 1.696669766505668804e+02
4.457199366159123599e-01 1.698063590677333252e+02
-1.527992730326843684e-02 1.699245474409721339e+02
-4.768670343410583712e-01 1.700259193715276353e+02
-9.387887935957834884e-01 1.701177081164374840e+02
-1.110894133083625945e+00 1.701514216618849389e+02
-1.399665166111928372e+00 1.702394328207717535e+02
-1.860926792210396030e+00 1.703501253059445446e+02
-2.323214211991164291e+00 1.704314429034150464e+02
-2.785916976308007165e+00 1.705008665895507249e+02
-3.248625924638499640e+00 1.705701131887052497e+02
-3.711030209442631289e+00 1.706480842097667221e+02
-4.073975094200068980e+00 1.707200218219711303e+02
-4.172664935058511659e+00 1.707480925226591353e+02
-4.633153906857044646e+00 1.708809109320650066e+02
-5.094672199415024139e+00 1.709842534514939700e+02
-5.556654601901600543e+00 1.710743056014565013e+02
-6.019055451303001902e+00 1.711523749995807293e+02
-6.481912320394645377e+00 1.712173857023531696e+02
-6.945245728849930522e+00 1.712687501032090438e+02
-7.285342213904066000e+00 1.712972923257693481e+02
-7.408852096941924259e+00 1.713122979627721634e+02
-7.871923980647590469e+00 1.713711514525978430e+02
-8.335084907530829312e+00 1.714274550794375216e+02
-8.798712583754005223e+00 1.714703927539590893e+02
-9.262973711143125399e+00 1.714951907604503560e+02
-9.727308570147132016e+00 1.715178773697427346e+02
-1.019113305444078499e+01 1.715551791985099612e+02
-1.065457782740704573e+01 1.716033545370228239e+02
-1.111802175377135171e+01 1.716515541190437091e+02
-1.158168907385933366e+01 1.716933565418116245e+02
-1.204554296264901581e+01 1.717298163359829459e+02
-1.250959650647456733e+01 1.717605587579778899e+02
-1.297366734092601881e+01 1.717908060412301552e+02
-1.343779939353943220e+01 1.718193002656909698e+02
-1.390203432028216035e+01 1.718448485605284475e+02
-1.436655621359967405e+01 1.718621792078466228e+02
-1.483125893352637092e+01 1.718743316585839978e+02
-1.529615917911190515e+01 1.718808277145250543e+02
-1.576124405888019098e+01 1.718820365392440408e+02
-1.622657088974753492e+01 1.718763167910083496e+02
-1.669245296233739495e+01 1.718546970001735872e+02
-1.715920334810304126e+01 1.718082119733079765e+02
-1.762654812748196420e+01 1.717447057403828694e+02
-1.809379870801627277e+01 1.716838970094309502e+02
-1.816048416646134456e+01 1.716770606510846449e+02
-1.855970085857705953e+01 1.716617022607352965e+02
-1.902529471000055139e+01 1.716483360442220487e+02
-1.949102649435894108e+01 1.716310199452489655e+02
-1.995666469993433978e+01 1.716163835920075655e+02
-2.042216400641219920e+01 1.716057247885040056e+02
-2.088762446632194170e+01 1.715961784051643519e+02
-2.135328973232573802e+01 1.715807671426412924e+02
-2.181918807256341708e+01 1.715586815073232287e+02
-2.228531881248976632e+01 1.715299408156573691e+02
-2.275171494159336305e+01 1.714936003722934004e+02
-2.321853877151788126e+01 1.714450121798922737e+02
-2.355233654502733032e+01 1.714002211922723973e+02
-2.368550190429214908e+01 1.713924348758026213e+02
-2.415162180743245557e+01 1.713640045090866977e+02
-2.461780552947896794e+01 1.713337466080086244e+02
-2.508438047678107452e+01 1.712922854814203504e+02
-2.555184197737477092e+01 1.712254367902254728e+02
-2.602069478533264402e+01 1.711187462689557890e+02
-2.628955703932383869e+01 1.710306799453441613e+02
-2.649023831474574564e+01 1.709922760731462006e+02
-2.695877076824063323e+01 1.708947593034186809e+02
-2.742812347492292702e+01 1.707737535556605053e+02
-2.789822958558917065e+01 1.706311731405934893e+02
-2.792549003090710613e+01 1.706226808913895354e+02
-2.836622098267010728e+01 1.705491501993764416e+02
-2.883383931195124461e+01 1.704778105221659530e+02
-2.930200026288780180e+01 1.703909321937939865e+02
-2.977084027451395087e+01 1.702846081115204697e+02
-2.997314251829815390e+01 1.702290593990432797e+02
-3.023931450448512948e+01 1.701887586453652261e+02
-3.070690114770363266e+01 1.701183263382697817e+02
-3.117475534128310954e+01 1.700402323912717861e+02
-3.164339633510710570e+01 1.699396074331883710e+02
-3.201779115801636522e+01 1.698353330100248400e+02
-3.211268780215985430e+01 1.698203553589728472e+02
-3.258035413217654508e+01 1.697476411205413740e+02
-3.304839472897685937e+01 1.696642092836987956e+02
-3.351718296296784416e+01 1.695593679189003069e+02
-3.395333205972642077e+01 1.694377964948376416e+02
-3.398673658140711495e+01 1.694326088111816091e+02
-3.445402514037609620e+01 1.693707125201553652e+02
-3.492130299078051081e+01 1.693091228822960659e+02
-3.538889212524654937e+01 1.692386192352055332e+02
-3.585729664957396778e+01 1.691447658775198306e+02
-3.621314698128737319e+01 1.690515838779498381e+02
-3.632623002459255446e+01 1.690357682174932847e+02
-3.679383710250065320e+01 1.689647507374510269e+02
-3.726174832893690336e+01 1.688850235831208408e+02
-3.773012966211952346e+01 1.687918343329318134e+02
-3.819933681986871932e+01 1.686749965612866617e+02
-3.825807587431321366e+01 1.686578672755925368e+02
-3.866726216059357313e+01 1.685948652266133934e+02
-3.913516206921733698e+01 1.685154621720282080e+02
-3.960379355569238413e+01 1.684151094687975672e+02
-4.007388254157529417e+01 1.682730194433635234e+02
-4.011782992119682234e+01 1.682576842251174583e+02
-4.054232450239219787e+01 1.681780940448831814e+02
-4.101100323440231676e+01 1.680763884065439129e+02
-4.148087790698316724e+01 1.679404355111093139e+02
-4.174125015942279049e+01 1.678492482161871351e+02
-4.195071262730812123e+01 1.678056266985937555e+02
-4.241929448920267021e+01 1.677066950574198643e+02
-4.288870785450902190e+01 1.675839522739391612e+02
-4.331132874035033353e+01 1.674389494755379815e+02
-4.335924394742747268e+01 1.674290587781916315e+02
-4.382770955116684775e+01 1.673334563349943664e+02
-4.429695985574015538e+01 1.672153829999657262e+02
-4.476745764515131043e+01 1.670615863731546540e+02
-4.486291285507013527e+01 1.670280048938975028e+02
-4.523627825272190250e+01 1.669558179503304416e+02
-4.570544532702247409e+01 1.668401280184727682e+02
-4.617677129117829793e+01 1.666626155699102299e+02
-4.628623217219474384e+01 1.666125812068263201e+02
-4.664694615471277928e+01 1.665180663302944311e+02
-4.711686350662589007e+01 1.663808912586917756e+02
-4.757611068735228343e+01 1.661924976642688421e+02
-4.758868652550208367e+01 1.661891450252613538e+02
-4.805795992234521918e+01 1.660704104141447601e+02
-4.852868639279978424e+01 1.659100652190531378e+02
-4.882071390900308927e+01 1.657708330736231233e+02
-4.900060238133191604e+01 1.657156566830078646e+02
-4.947103462999359635e+01 1.655637368976987318e+02
-4.992633811543703359e+01 1.653443152288228362e+02
-4.994403000915117730e+01 1.653384186583110989e+02
-5.041433712201916251e+01 1.651900822932847746e+02
-5.088722344811954201e+01 1.649678869248650983e+02
-5.097893579091581273e+01 1.649159456567581401e+02
-5.135911495535474103e+01 1.647741794414392018e+02
-5.183217319901253006e+01 1.645470609983014469e+02
-5.194770298583868851e+01 1.644846486598055435e+02
-5.230408598954130639e+01 1.643527440410900340e+02
-5.277692913769655547e+01 1.641317851272428925e+02
-5.291470714250826290e+01 1.640532900962005272e+02
-5.324945773395161552e+01 1.639198338012803049e+02
-5.372304842018138515e+01 1.636774681977928481e+02
-5.382258655204003617e+01 1.636198668509294123e+02
-5.419537698342017507e+01 1.634712450679500648e+02
-5.466854627765934538e+01 1.632409465522361529e+02
-5.476663864297594131e+01 1.631877067835275454e+02
-5.514049084501321829e+01 1.630457196258129784e+02
-5.561402512488025707e+01 1.628049692892154781e+02
-5.569924930153364784e+01 1.627551471725029160e+02
-5.608648709654653430e+01 1.625949258418517331e+02
-5.656102196842898877e+01 1.623255222988683499e+02
-5.656928992021889968e+01 1.623204025675388493e+02
-5.703340942661898794e+01 1.621176126382846405e+02
-5.740618655171456908e+01 1.618845005490380515e+02
-5.750845356968210353e+01 1.618336254767816627e+02
-5.798246351065041893e+01 1.615792539884112671e+02
-5.818688077022508764e+01 1.614466358990285642e+02
-5.845689470677073984e+01 1.613128193308108109e+02
-5.893164090716199155e+01 1.610373641311234110e+02
-5.897800492667519734e+01 1.610091354704776450e+02
-5.940477696752674319e+01 1.608080173090555434e+02
-5.978280542419887666e+01 1.605721126302808557e+02
-5.987981639337999695e+01 1.605241652307687730e+02
-6.035313132384520429e+01 1.602896962392001114e+02
-6.060722017392654948e+01 1.601357747348640430e+02
-6.082714394528689184e+01 1.600352479921149609e+02
-6.130115206039165798e+01 1.597809287896352828e+02
-6.143054108556607673e+01 1.596993986417794815e+02
-6.177501212907459660e+01 1.595308490819887481e+02
-6.220143926218820241e+01 1.592611919064492554e+02
-6.225044533966590166e+01 1.592357204842045633e+02
-6.272421535995236752e+01 1.589882194252477916e+02
-6.297127144660781539e+01 1.588229479458510411e+02
-6.319928662274590181e+01 1.587034556562752527e+02
-6.367466001859145308e+01 1.584100399287000300e+02
-6.371376018825786502e+01 1.583837491311907684e+02
-6.414889876129737445e+01 1.581491164158200320e+02
-6.443620017829380231e+01 1.579438501986967935e+02
-6.462523775198805254e+01 1.578280496696915520e+02
-6.507285587074483146e+01 1.575009556125208121e+02
-6.510245968996461841e+01 1.574816986214492260e+02
-6.557824110201984524e+01 1.571765988383502020e+02
-6.573932457169281918e+01 1.570591021195424446e+02
-6.605411480544695735e+01 1.568688561761503024e+02
-6.641049038474322685e+01 1.566174126533330480e+02
-6.653065197465097924e+01 1.565421143399184984e+02
-6.700744368580407695e+01 1.562080833759612233e+02
-6.705089552108726991e+01 1.561746490006229919e+02
-6.748351095831905866e+01 1.558947976203339465e+02
-6.769683924973625722e+01 1.557320787598181369e+02
-6.796026696913310161e+01 1.555617889803282310e+02
-6.833209776751137099e+01 1.552891353832273751e+02
-6.843731365486880236e+01 1.552204564996432339e+02
-6.891452992609883665e+01 1.548742677257900198e+02
-6.895106076536823991e+01 1.548456229545417955e+02
-6.939103122061906959e+01 1.545485532060894229e+02
-6.957609759202463806e+01 1.544023226286316515e+02
-6.986844427186355233e+01 1.541967293899007245e+02
-7.017119724690699911e+01 1.539579768736467713e+02
-7.034632637671666089e+01 1.538314736357723120e+02
-7.073881931807665069e+01 1.535126715802948638e+02
-7.082490177382881313e+01 1.534463645889146051e+02
-7.127323140489659181e+01 1.530662065687346569e+02
-7.130422193238973705e+01 1.530399283645747346e+02
-7.177272029609675030e+01 1.526185220123102795e+02
-7.178448753018425066e+01 1.526064183028783248e+02
-7.220841007269908118e+01 1.521686095417112767e+02
-7.226783865922658379e+01 1.520845501868571148e+02
-7.256235080958074946e+01 1.517158423317399922e+02
-7.276015076385360203e+01 1.513060733043303401e+02
-7.279016750481818576e+01 1.512586707731830984e+02
-7.297716084443999307e+01 1.508000736316348593e+02
-7.310861581253570307e+01 1.503395370474166270e+02
-7.325194673392374511e+01 1.498794151806258128e+02
-7.327709751032259078e+01 1.498221525784837524e+02
-7.351210212990272908e+01 1.494233729143831795e+02
-7.376850386878990662e+01 1.490696128723958793e+02
-7.386819184631195867e+01 1.489706807484306239e+02
-7.424722154183444900e+01 1.486804295759031334e+02
-7.445793554892321708e+01 1.485261479594710750e+02
-7.472344267743483215e+01 1.483627377579906295e+02
-7.508969272899847169e+01 1.480830823134735681e+02
-7.520142763939881547e+01 1.479945365615831747e+02
-7.558897800971882930e+01 1.476353906468145851e+02
-7.568216957901020692e+01 1.475473858549687520e+02
-7.610210042550227172e+01 1.471881821835595474e+02
-7.616135702901971172e+01 1.471447499063201008e+02
-7.663677215023295730e+01 1.468501393205488341e+02
-7.678602187174502092e+01 1.467469381538765845e+02
-7.711347119378282855e+01 1.465187620095480554e+02
-7.738919154873025263e+01 1.463028742102733588e+02
-7.759075389066862272e+01 1.461706710537918923e+02
-7.806511857566209756e+01 1.459061410256656757e+02
-7.814614508215544220e+01 1.458641805172723878e+02
-7.853588697590888046e+01 1.457445951184234900e+02
-7.900694397379703560e+01 1.455747848560274349e+02
-7.926183562266501781e+01 1.454380141966040014e+02
-7.947972729234336953e+01 1.453555392380152398e+02
-7.995382274725383809e+01 1.450987189507372648e+02
-8.009202395779746553e+01 1.450018779192322427e+02
-8.042884162602166498e+01 1.448154552639935559e+02
-8.078657254476891580e+01 1.445610049974810352e+02
-8.090532735552434929e+01 1.444901864680778658e+02
-8.138167329440457820e+01 1.441689207518333831e+02
-8.144801838511580172e+01 1.441189761023454139e+02
-8.185847960928154521e+01 1.438344715919411385e+02
-8.204850177390585486e+01 1.436748183514913251e+02
-8.233794912086602835e+01 1.434237584565902637e+02
-8.255322662475325046e+01 1.432273166388068546e+02
-8.281867595632235179e+01 1.429770402763858783e+02
-8.302893285261470169e+01 1.427788015734781482e+02
-8.330065806546497242e+01 1.424943757609622992e+02
-8.346410781566913784e+01 1.423288711251938992e+02
-8.378474786930212304e+01 1.419513547664227247e+02
-8.385546969115114280e+01 1.418774106901778111e+02
-8.423437785211280016e+01 1.414255153618676388e+02
-8.426981871966995641e+01 1.413802402749484202e+02
-8.462246120507171554e+01 1.409739404383222450e+02
-8.475546895621351950e+01 1.407925343341974269e+02
-8.498819172224435192e+01 1.405215849365508518e+02
-8.524254483389248094e+01 1.401640033728019716e+02
-8.532387643323744442e+01 1.400681802121077055e+02
-8.565990086100367762e+01 1.396147873508356554e+02
-8.573046084780943943e+01 1.395114140573038526e+02
-8.600583572813050637e+01 1.391617405697321033e+02
-8.621953833300619863e+01 1.388255645560553546e+02
-8.631461150243669067e+01 1.387073961645136251e+02
-8.663191864599534142e+01 1.382533496812742726e+02
-8.670868672551782197e+01 1.381376845349801954e+02
-8.697528024503327515e+01 1.378002130396689324e+02
-8.719765754827960791e+01 1.374548894462362796e+02
-8.728443279601737004e+01 1.373458817917819772e+02
-8.760213672714968425e+01 1.368918491646700204e+02
-8.768687592243998097e+01 1.367650054129409796e+02
-8.795459593601421489e+01 1.364390302186003794e+02
-8.817443204678852453e+01 1.361227219862774405e+02
-8.829166618034867042e+01 1.359856738780476348e+02
-8.861836119351349339e+01 1.355319552264388392e+02
-8.866256678887469889e+01 1.354638691155246875e+02
-8.896193507302163539e+01 1.350788259978308474e+02
-8.915123469066168127e+01 1.347897485485409561e+02
-8.928661213220652826e+01 1.346250368777162691e+02
-8.960583090953900864e+01 1.341710571501992604e+02
-8.963965947089167230e+01 1.341225900720402819e+02
-8.996713848346129794e+01 1.337185471958461846e+02
-9.012726708207708270e+01 1.334788322552751367e+02
-9.029764813959738490e+01 1.332649617545052365e+02
-9.059026204634400870e+01 1.328100529644351582e+02
-9.061722651945305529e+01 1.327677269480401776e+02
-9.093017665506309299e+01 1.323567959512754726e+02
-9.110665466017991321e+01 1.320718359862167119e+02
-9.123920085206427188e+01 1.319024602211686670e+02
-9.153382388879501264e+01 1.314476215914636441e+02
-9.159730603198420340e+01 1.313409162694380257e+02
-9.185202220308593724e+01 1.309936062285920002e+02
-9.209051322441973753e+01 1.305368074257162050e+02
-9.239261947103057082e+01 1.300822301154584579e+02
-9.258492923298661026e+01 1.296980826170850207e+02
-9.263472077233473101e+01 1.296255573863373058e+02
-9.292843512124568406e+01 1.291706870245543826e+02
-9.307839701738089389e+01 1.288865113960281974e+02
-9.319788730816512157e+01 1.287149694094051711e+02
-9.345109812161391005e+01 1.282586846329967898e+02
-9.357499038436031924e+01 1.279854352004083324e+02
-9.368857344941966403e+01 1.278018503613214136e+02
-9.392936533109386232e+01 1.273451319062591836e+02
-9.407407677321771189e+01 1.270129681988506292e+02
-9.415119444075969568e+01 1.268877512566067338e+02
-9.438708639456601190e+01 1.264308616922929076e+02
-9.456292032356103050e+01 1.259718748555385162e+02
-9.457679216104475017e+01 1.259365802636348235e+02
-9.479747654708569371e+01 1.255149386464954233e+02
-9.498043930851366667e+01 1.250562007540551690e+02
-9.508263490922109895e+01 1.247706364453482166e+02
-9.517180111916187002e+01 1.245977561628766779e+02
-9.537586365308573022e+01 1.241397550907280731e+02
-9.553430114194182465e+01 1.236801607568976209e+02
-9.559217500847103111e+01 1.234988143452429341e+02
-9.571954171316613724e+01 1.232215024073282024e+02
-9.588132575425532877e+01 1.227620249376768697e+02
-9.601536185317971217e+01 1.223015784885333233e+02
-9.611171310749040231e+01 1.219406869914181470e+02
-9.615289838191631588e+01 1.218412542770923750e+02
-9.632374476370205230e+01 1.213820932713515646e+02
-9.645350051286723669e+01 1.209214973491007328e+02
-9.655490490126419445e+01 1.204599113755157447e+02
-9.664290876914796513e+01 1.200487307212241461e+02
-9.665966896446425949e+01 1.199984427243601175e+02
-9.680469851262935777e+01 1.195383801749234181e+02
-9.691908740043669468e+01 1.190772476300492997e+02
-9.700884754811838206e+01 1.186152550306183855e+02
-9.709027446493985281e+01 1.181529714283534815e+02
-9.716538140840455640e+01 1.176904671277557810e+02
-9.719827135093800052e+01 1.174647244050489689e+02
-9.725052551628587594e+01 1.172283133326630349e+02
-9.733222470307720187e+01 1.167660392382749848e+02
-9.740763122047565048e+01 1.163035453990295736e+02
-9.748418716277035401e+01 1.158410916985860126e+02
-9.755240544209488007e+01 1.153783468405357695e+02
-9.761156812529557669e+01 1.149152857541006796e+02
-9.767639060165069509e+01 1.144524223119977080e+02
-9.774946733965370527e+01 1.139898471150630570e+02
-9.779512981793243398e+01 1.136924314099615287e+02
-9.783458748981627195e+01 1.135276924833483321e+02
-9.792669352888225376e+01 1.130657818042497098e+02
-9.800850127011750601e+01 1.126035115006663716e+02
-9.808523878933681317e+01 1.121410641410287354e+02
-9.815656032821945587e+01 1.116784276511901908e+02
-9.821962839066691231e+01 1.112155029436035676e+02
-9.827500785664057048e+01 1.107523097443117450e+02
-9.833473614892042747e+01 1.102892684093809379e+02
-9.839351294518624513e+01 1.098764778575157948e+02
-9.840465182501640129e+01 1.098265828257320891e+02
-9.850774987602756028e+01 1.093650559961488398e+02
-9.859145095363274436e+01 1.089028518093284390e+02
-9.865685880061093371e+01 1.084400088088180638e+02
-9.870590382840472898e+01 1.079765944060707170e+02
-9.875447418482727358e+01 1.075131634274338239e+02
-9.880282515702930368e+01 1.070497247877311366e+02
-9.885359468223612112e+01 1.065863706057604361e+02
-9.890803522029847272e+01 1.061231446183834635e+02
-9.896919126098990205e+01 1.056601531415258250e+02
-9.325447589810519844e+01 1.054605908836275745e+02
-9.303254542065545252e+01 1.059179679934390066e+02
-9.294477604836833962e+01 1.060739208289449351e+02
-9.273969099279435113e+01 1.063728683843266936e+02
-9.245361376990015856e+01 1.068194709983560386e+02
-9.244739813443925414e+01 1.068277883856536477e+02
-9.211797924759036960e+01 1.072814119174974223e+02
-9.196397421908497449e+01 1.075214159530142268e+02
-9.181553396476354578e+01 1.077359773883496104e+02
-9.155647266697542364e+01 1.081920578613429740e+02
-9.146925550203906141e+01 1.083688091983217134e+02
-9.130790671778277101e+01 1.086485048399853781e+02
-9.113392490651324351e+01 1.091075563541159283e+02
-9.105430461465181224e+01 1.095699030451146285e+02
-9.105473460613649195e+01 1.100350451536058074e+02
-9.112632609828847308e+01 1.105026722764584690e+02
-9.125629997076862310e+01 1.109723381569569511e+02
-9.136716643443642738e+01 1.112922575956079925e+02
-9.140404657756894835e+01 1.114426246750138745e+02
-9.149754923080539015e+01 1.119110169524720675e+02
-9.158107364273229223e+01 1.123790607820655509e+02
-9.165716429547245525e+01 1.128468450190680272e+02
-9.171141337759854650e+01 1.133138665316177480e+02
-9.171129306148731075e+01 1.137789894229442211e+02
-9.164632295426221731e+01 1.142418477096636025e+02
-9.154913716159956039e+01 1.147035809998578202e+02
-9.145068526219205296e+01 1.151652700766302360e+02
-9.134919396678182579e+01 1.156268530153554508e+02
-9.124846881645035523e+01 1.160884627084563618e+02
-9.118980635126663969e+01 1.163711858595365669e+02
-9.113474984507911358e+01 1.165496186473279181e+02
-9.103198415314457748e+01 1.170111570831458749e+02
-9.097399558650496942e+01 1.174742591706347525e+02
-9.095395658881517420e+01 1.179386864862732409e+02
-9.095814005719347506e+01 1.184039596690658129e+02
-9.096653975184469232e+01 1.188693800857241740e+02
-9.095663806437451626e+01 1.193341614040361094e+02
-9.091437221459969464e+01 1.197978125408964019e+02
-9.084932671433617202e+01 1.202606681948328884e+02
-9.076067037428794038e+01 1.207226993400757351e+02
-9.065443916769541488e+01 1.211841167574551434e+02
-9.054992111942522115e+01 1.216455939996414202e+02
-9.053900686049342994e+01 1.216881476738925727e+02
-9.038791798473741324e+01 1.221050638183757115e+02
-9.021964403181655712e+01 1.225643146553119465e+02
-9.004980998739651454e+01 1.230235110126525626e+02
-9.002510114098649296e+01 1.230849847814149172e+02
-8.981495659637914741e+01 1.234804368443781470e+02
-8.963628917614093439e+01 1.239393247334379708e+02
-8.951882996386441960e+01 1.242631971995046030e+02
-8.945228392468575862e+01 1.243980262213242867e+02
-8.923949308513968504e+01 1.248557224943241977e+02
-8.905089472546049478e+01 1.253142635873369812e+02
-8.901423231376907097e+01 1.253934860737808208e+02
-8.879487806931916793e+01 1.257704503815594705e+02
-8.855592270287732504e+01 1.262272329691467974e+02
-8.851773460640578151e+01 1.262918229364045430e+02
-8.824144267948136644e+01 1.266813781775976793e+02
-8.802808070444046962e+01 1.269941788542329277e+02
-8.791337985843932756e+01 1.271350490643029190e+02
-8.754335040535090684e+01 1.275555412330474638e+02
-8.751280032406344844e+01 1.275861876115775289e+02
-8.706300594160444462e+01 1.279913097201192329e+02
-8.701597945644266474e+01 1.280339653374383033e+02
-8.658382068913834928e+01 1.283938827393579345e+02
-8.648716207775737530e+01 1.284806257205116538e+02
-8.610423952278551951e+01 1.288077932489356385e+02
-8.597619456381301006e+01 1.289279094345970975e+02
-8.562155526725388199e+01 1.293105646061976586e+02
-8.556037318923438306e+01 1.293785157250833322e+02
-8.523762273222362751e+01 1.298323721236283745e+02
-8.513069307622899373e+01 1.300475213955749041e+02
-8.498339686696087369e+01 1.302886214536463569e+02
-8.476941688363697835e+01 1.307462762008304935e+02
-8.462864706295093242e+01 1.311047409516659741e+02
-8.457178809216179616e+01 1.312045019442161049e+02
-8.433401050002055399e+01 1.316613256605883180e+02
-8.414095192547273427e+01 1.321197109994657808e+02
-8.412704548394518156e+01 1.321492335753659404e+02
-8.386580068653356079e+01 1.325752295993330563e+02
-8.363154504766379205e+01 1.330190123306974215e+02
-8.362242950313080314e+01 1.330318579831941861e+02
-8.328646682663850243e+01 1.334852530008682265e+02
-8.314258817417615433e+01 1.337014079644941660e+02
-8.295631417789681450e+01 1.339388509091820652e+02
-8.266020427720494013e+01 1.343936376164534465e+02
-8.265288819211409077e+01 1.344050834436445427e+02
-8.233952436861727620e+01 1.348475663201426755e+02
-8.216002279022490029e+01 1.351994046867109773e+02
-8.209135153194250734e+01 1.353040270265767049e+02
-8.182423954877074834e+01 1.357598263634415332e+02
-8.166408021192518163e+01 1.360818447328660454e+02
-8.157390520087557206e+01 1.362162115882404692e+02
-8.131824637480323759e+01 1.366724108781643281e+02
-8.116758698065899580e+01 1.369800534168393256e+02
-8.107038659274428483e+01 1.371288825167064260e+02
-8.078299493463222802e+01 1.375839736717173025e+02
-8.067583265093182376e+01 1.377425577160589683e+02
-8.043057161461635474e+01 1.380367938710531632e+02
-8.018978064707130216e+01 1.383417687674597971e+02
-8.005092693149799743e+01 1.384886634794428630e+02
-7.970591690726971024e+01 1.388783161350187925e+02
-7.964522854861658629e+01 1.389396232725887614e+02
-7.922455526522088576e+01 1.393432127975920309e+02
-7.917327361729491031e+01 1.393882693360792189e+02
-7.874726091372670567e+01 1.396916374976652264e+02
-7.856035334548926130e+01 1.398319927814083314e+02
-7.827076375899926575e+01 1.400172334692115328e+02
-7.793475436234990639e+01 1.402752734763814999e+02
-7.779300862474357814e+01 1.403788532611522442e+02
-7.738691716989438873e+01 1.407212696729224319e+02
-7.731378087938142585e+01 1.407826431177253141e+02
-7.688935072511236513e+01 1.411690213626550019e+02
-7.683332790627665076e+01 1.412215189062662546e+02
-7.642608161616556117e+01 1.416179707417464897e+02
-7.635165547378525730e+01 1.416953154426691697e+02
-7.599466220251096615e+01 1.420680323367056417e+02
-7.586831639165589536e+01 1.422168385802393118e+02
-7.558723396166220709e+01 1.425189317218801932e+02
-7.538363899373027266e+01 1.427766860679237482e+02
-7.521574492041509075e+01 1.429710861315597583e+02
-7.489640707016948795e+01 1.434096855987157539e+02
-7.488364550041885082e+01 1.434246160571233872e+02
-7.451085206707855946e+01 1.438767249164273210e+02
-7.441029196347869856e+01 1.440107036787471202e+02
-7.413608283116630560e+01 1.443287647791850929e+02
-7.392461536911534381e+01 1.445991644087000054e+02
-7.376142703159348457e+01 1.447808086032271149e+02
-7.343982133658707312e+01 1.451623518744087846e+02
-7.337269002516430305e+01 1.452323607006903501e+02
-7.295829223775493233e+01 1.456320438718420007e+02
-7.290020402194042504e+01 1.456809882187413336e+02
-7.248189046630474763e+01 1.459549084237008856e+02
-7.223671795067674850e+01 1.461229458674434056e+02
-7.200636100483883695e+01 1.462527932859089503e+02
-7.153615796903989121e+01 1.465636088666671810e+02
-7.153025350906703750e+01 1.465672308849070760e+02
-7.105734819642536593e+01 1.467899699567321079e+02
-7.058544610899907923e+01 1.469839804171897129e+02
-7.055730809776152057e+01 1.469945537688028878e+02
-7.011647448892482259e+01 1.470940732723175586e+02
-6.964598144915876787e+01 1.472477338870891117e+02
-6.932602142892132235e+01 1.474166833837197146e+02
-6.917279452501060177e+01 1.474785372573419693e+02
-6.869942474195475768e+01 1.477145770215895197e+02
-6.848477891152747077e+01 1.478524336405407951e+02
-6.822466784337268564e+01 1.479903385773793048e+02
-6.774930971988146666e+01 1.482833169619477474e+02
-6.773678586208816910e+01 1.482914402405375540e+02
-6.727579319424503979e+01 1.485235588839002503e+02
-6.696168097072302317e+01 1.487295000741519289e+02
-6.680036984838868364e+01 1.488184049926360046e+02
-6.632479234164638626e+01 1.491176656915478418e+02
-6.624795464965478686e+01 1.491697032946713648e+02
-6.585013303769413540e+01 1.493906325027991215e+02
-6.553035578318583987e+01 1.496097712829255215e+02
-6.537408814068238883e+01 1.497032775078489522e+02
-6.489696847325238593e+01 1.500466999108168977e+02
-6.488955392072990946e+01 1.500525210816544757e+02
-6.442048959626805527e+01 1.503717724762811088e+02
-6.426005885049551125e+01 1.504956657222682850e+02
-6.394350483564603849e+01 1.507113316537262051e+02
-6.364087174218228427e+01 1.509391703248442695e+02
-6.346643103664973751e+01 1.510534405566088481e+02
-6.302538580623071596e+01 1.513828041752071556e+02
-6.298895148179796877e+01 1.514071687869400193e+02
-6.251236341371330241e+01 1.517353681764095938e+02
-6.239614823012173872e+01 1.518259578077139622e+02
-6.203552560602035726e+01 1.520707191725572329e+02
-6.177747315548858609e+01 1.522694802909000487e+02
-6.155811132451587753e+01 1.524225782187825473e+02
-6.117896138339040846e+01 1.527137068921261687e+02
-6.108050475687149117e+01 1.527799436196132774e+02
-6.060360864105692258e+01 1.531169643419003421e+02
-6.054975745182442637e+01 1.531568616995263028e+02
-6.012843163091945087e+01 1.534047563185971228e+02
-5.984140113760378199e+01 1.535972524448170304e+02
-5.965276865517125771e+01 1.537064645296094909e+02
-5.917673388515503063e+01 1.540188195354507172e+02
-5.914892476993784243e+01 1.540381977300609435e+02
-5.870215808597207285e+01 1.542893950829777339e+02
-5.842977755599537204e+01 1.544782116488298982e+02
-5.822636777136723651e+01 1.545947498017426085e+02
-5.774989677200768767e+01 1.549195967815480515e+02
-5.727596476149588511e+01 1.551717366336272903e+02
-5.698448823541063746e+01 1.553579952193321674e+02
-5.680091094363136506e+01 1.554560008451937279e+02
-5.632536183027976051e+01 1.557544484637786582e+02
-5.626702918344504667e+01 1.557980680900163861e+02
-5.584917859338364110e+01 1.560710550047961931e+02
-5.563554072393080929e+01 1.562411431199426488e+02
-5.537149530083630111e+01 1.564306175193809452e+02
-5.505423549569088948e+01 1.566859705869205754e+02
-5.489300695243773021e+01 1.568132338172283369e+02
-5.452406493681001365e+01 1.571325837159002390e+02
-5.441341512756562793e+01 1.572274495468635109e+02
-5.402402604587821600e+01 1.575802490659107491e+02
-5.393307672710628253e+01 1.576630444041099679e+02
-5.354294480341608420e+01 1.580285764315935921e+02
-5.345209525045783039e+01 1.581170545539874581e+02
-5.307675625427593502e+01 1.584774238615870274e+02
-5.297090340163582312e+01 1.585770889747105343e+02
-5.259520675854807337e+01 1.589257348755054977e+02
-5.249031373934074907e+01 1.590198790295258391e+02
-5.209822333815949946e+01 1.593735069248985496e+02
-5.201017726031872712e+01 1.594496916133499553e+02
-5.157542619030461140e+01 1.598203775390650208e+02
-5.153084666148838267e+01 1.598564268078887665e+02
-5.105270968890867778e+01 1.602289810187897672e+02
-5.100491884252913621e+01 1.602655820763376653e+02
-5.057638536959362341e+01 1.605496276316897024e+02
-5.036376659219553176e+01 1.607083196392522950e+02
-5.009955778598801146e+01 1.608846858482826292e+02
-4.974838407463185774e+01 1.611519571010648804e+02
-4.962219709196666884e+01 1.612350103497685438e+02
-4.914598503146557107e+01 1.615524422908386555e+02
-4.908490509406875901e+01 1.615939149973796702e+02
-4.867132984840677068e+01 1.618252910951412105e+02
-4.835510401463433539e+01 1.620335568749675588e+02
-4.819588965348107479e+01 1.621206196980937762e+02
-4.772118805994306001e+01 1.623947975246344697e+02
-4.758494809635868705e+01 1.624717895305304012e+02
-4.724867557552217079e+01 1.626062874680327184e+02
-4.677584408752842648e+01 1.628269124785410042e+02
-4.662967092427176397e+01 1.629035576094608757e+02
-4.630402016341915328e+01 1.630186846344558944e+02
-4.583186138647421615e+01 1.632200457209844444e+02
-4.558771095099555737e+01 1.633322986582721228e+02
-4.536060976778856002e+01 1.633954291938330812e+02
-4.489149778774986999e+01 1.635095414324529486e+02
-4.442198340767545517e+01 1.636351769004168943e+02
-4.407264213572618416e+01 1.637445183822676427e+02
-4.395222941782108705e+01 1.637676738947287163e+02
-4.348379342879077569e+01 1.638624282836159978e+02
-4.301429809953982897e+01 1.639875182073735971e+02
-4.256937805774683170e+01 1.641571503367729292e+02
-4.254303033262318934e+01 1.641633641050547112e+02
-4.207447389037569963e+01 1.642615678227770957e+02
-4.160576197206482618e+01 1.643642237924312326e+02
-4.113589814528699407e+01 1.644998661047031305e+02
-4.093628829005108827e+01 1.645652486782935568e+02
-4.066680598138785996e+01 1.646134108833314542e+02
-4.019894523730035019e+01 1.646916924123368631e+02
-3.973130879859088793e+01 1.647635506757236499e+02
-3.926364435268308739e+01 1.648362109603357055e+02
-3.879575956433877337e+01 1.649151810267686358e+02
-3.860375992916070231e+01 1.649489220859275918e+02
-3.832864725108746740e+01 1.649720303007837003e+02
-3.786200501178232258e+01 1.650154184182149208e+02
-3.739484674718427470e+01 1.650735835666338005e+02
-3.692679608202890051e+01 1.651573037234420269e+02
-3.645886699165468769e+01 1.652375424340243342e+02
-3.599267605353661992e+01 1.652680069763551955e+02
-3.552789189014985993e+01 1.652581867611685880e+02
-3.506227232122595439e+01 1.652722894305373131e+02
-3.496001880723714805e+01 1.652868069349789550e+02
-3.459580547593544253e+01 1.653106549205411966e+02
-3.412846457133244371e+01 1.653740501944014625e+02
-3.366008195026970640e+01 1.654672763246520617e+02
-3.319069943828716163e+01 1.655891355845372459e+02
-3.290180337458892978e+01 1.656800595611487381e+02
-3.272117012520982371e+01 1.657151986777551258e+02
-3.225273009719118988e+01 1.658100687281346666e+02
-3.178362933883326491e+01 1.659238596198619575e+02
-3.131351782944495454e+01 1.660665946341016763e+02
-3.124634537313222893e+01 1.660873767867342679e+02
-3.084531553580671215e+01 1.661546568625503539e+02
-3.037742414457937201e+01 1.662338160108141096e+02
-2.990904071212516158e+01 1.663270653762760389e+02
-2.943971299481749782e+01 1.664473555219727814e+02
-2.930877833577755354e+01 1.664848425477056537e+02
-2.897134511835830750e+01 1.665401594220217589e+02
-2.850298651719019460e+01 1.666326977124857649e+02
-2.803322408034815538e+01 1.667654365968761567e+02
-2.771182768458228196e+01 1.668942028949832093e+02
-2.756220745633852687e+01 1.669340907026615923e+02
-2.709259601139815743e+01 1.670625057447121833e+02
-2.662185687835184211e+01 1.672232135489883831e+02
-2.638314001699168188e+01 1.673129311920744158e+02
-2.615173584422122843e+01 1.673662213161608463e+02
-2.568281295920655793e+01 1.674749185817783825e+02
-2.521265246131652304e+01 1.676190564431609857e+02
-2.491893617628802460e+01 1.677269271601219316e+02
-2.474240359684858248e+01 1.677657247922504382e+02
-2.427408811186091597e+01 1.678570283968507795e+02
-2.380577182069369968e+01 1.679483550874126649e+02
-2.333746880748357455e+01 1.680393015470324372e+02
-2.293144808082155706e+01 1.681226496393302057e+02
-2.286920438174909975e+01 1.681291430059257550e+02
-2.240301862752022544e+01 1.681594591010928070e+02
-2.193739564073628756e+01 1.681736596451673904e+02
-2.147219465113280279e+01 1.681757757710977046e+02
-2.100712111480666522e+01 1.681742421126962483e+02
-2.054211128397170683e+01 1.681708841677138082e+02
-2.007725825547315424e+01 1.681630359913106361e+02
-1.961264258246021797e+01 1.681483908431034138e+02
-1.914819740383356361e+01 1.681288633744672723e+02
-1.868404233496618971e+01 1.681010282492845533e+02
-1.822002760596443238e+01 1.680691743161641512e+02
-1.775591063788940716e+01 1.680402481270414512e+02
-1.729192320463542032e+01 1.680076125459744958e+02
-1.682797042673413301e+01 1.679739845654500812e+02
-1.636411098275902987e+01 1.679376838509754748e+02
-1.590018173537777102e+01 1.679033820445195602e+02
-1.543588192704538642e+01 1.678796917153168522e+02
-1.497114629505414563e+01 1.678684817427958080e+02
-1.450623741442375980e+01 1.678622329621863116e+02
-1.404138599249808905e+01 1.678543387795552633e+02
-1.357647356642633163e+01 1.678481915271028697e+02
-1.311167081611620944e+01 1.678389035717613638e+02
-1.264687280753549281e+01 1.678294798310554654e+02
-1.218235231678163899e+01 1.678121090195690499e+02
-1.171828098146689001e+01 1.677818760791649595e+02
-1.125452204151775248e+01 1.677426973059469049e+02
-1.087539715671653617e+01 1.677016430640287581e+02
-1.079133716708551383e+01 1.676870794471859369e+02
-1.032896666708259659e+01 1.676081409559997724e+02
-9.866445526673992106e+00 1.675335162416255343e+02
-9.403770792126252331e+00 1.674632898879222864e+02
-8.940763304480753959e+00 1.674025923362071921e+02
-8.477750019975122342e+00 1.673420607848470922e+02
-8.014864975859689267e+00 1.672778569091921668e+02
-7.552058974490841514e+00 1.672113895454258738e+02
-7.089351309878101581e+00 1.671421061854046002e+02
-6.801888870781636953e+00 1.670942659272952540e+02
-6.627485673054657411e+00 1.670487103043378454e+02
-6.166612876562014733e+00 1.669268831960887667e+02
-5.705175246461235972e+00 1.668212308061049498e+02
-5.243580636599624256e+00 1.667200737283126557e+02
-4.782077081279647146e+00 1.666163091896035269e+02
-4.494834985292769147e+00 1.665485747374974039e+02
-4.321495507709000705e+00 1.664861425479983836e+02
-3.861700993757670730e+00 1.663334374677856715e+02
-3.401246166344279231e+00 1.661996412911187520e+02
-2.940677923489021239e+00 1.660690929077713065e+02
-2.795701777983587988e+00 1.660241126055715313e+02
-2.481870571289711336e+00 1.658881192135965534e+02
-2.022585648515116574e+00 1.657208213513760882e+02
-1.562119892944945576e+00 1.655873381161746636e+02
-1.247530222879497330e+00 1.655049221707043898e+02
-1.101814022983869990e+00 1.654492763561747211e+02
-6.422793769464618663e-01 1.652891296325589678e+02
-1.818859662686982404e-01 1.651535747106947838e+02
2.787601536444590522e-01 1.650252564345021256e+02
4.560853986243635916e-01 1.649803035094256529e+02
7.385535032790677690e-01 1.648725180126210716e+02
1.198705135034149549e+00 1.647300394482883519e+02
1.659810067200591988e+00 1.646148598359901882e+02
2.121511939462660479e+00 1.645167743514651590e+02
2.485145661841286824e+00 1.644443200708313384e+02
2.583028408624652883e+00 1.644133796168068500e+02
3.043141313823639393e+00 1.642697920690052058e+02
3.503839319065967572e+00 1.641429595942403239e+02
3.964984569777268320e+00 1.640289345540048203e+02
4.426388917238298859e+00 1.639223290739192009e+02
4.477625686645694714e+00 1.639096140423105794e+02
4.885956863165553443e+00 1.637631359343833708e+02
5.346495403936806667e+00 1.636317369946352471e+02
5.807384733138409416e+00 1.635103833212273514e+02
6.268305138412380018e+00 1.633899195500988810e+02
6.301691160646509360e+00 1.633807891794974978e+02
6.727208344635464243e+00 1.632116907560271102e+02
7.187329439036147960e+00 1.630683377162793590e+02
7.648363530453359260e+00 1.629511294903435044e+02
8.065377570074083735e+00 1.628540728000805018e+02
8.109566891708936964e+00 1.628387685183722624e+02
8.569120308435884681e+00 1.626791593169762109e+02
9.029641428069780318e+00 1.625472615011263997e+02
9.490835091531117484e+00 1.624346228206628098e+02
9.952282666828828894e+00 1.623292552238576718e+02
9.983037067973036471e+00 1.623219795619330341e+02
1.041196808330865764e+01 1.621734260008184947e+02
1.087240311690145944e+01 1.620390630032915738e+02
1.133332081501946931e+01 1.619185217093592541e+02
1.179446822458496769e+01 1.618045584906193142e+02
1.184190828134592266e+01 1.617919392559183507e+02
1.225359751179787082e+01 1.616328038090346411e+02
1.271311889245363602e+01 1.614722772145902070e+02
1.317339223281634730e+01 1.613332839287722038e+02
1.337801616382257919e+01 1.612731700937822552e+02
1.363269004575737142e+01 1.611663551926224613e+02
1.409206925025782198e+01 1.610017572057838322e+02
1.455245032631000868e+01 1.608658490664573719e+02
1.496353470021853127e+01 1.607526754735902443e+02
1.501292272094239877e+01 1.607325559491231957e+02
1.547181600917031830e+01 1.605540431408298616e+02
1.593159564708897591e+01 1.604009120667774368e+02
1.639201985075489176e+01 1.602662389407216779e+02
1.650557241148281662e+01 1.602336992372699456e+02
1.685112253362963486e+01 1.600937224105707628e+02
1.731073788195927676e+01 1.599358866982359189e+02
1.777120569169225917e+01 1.598024622865607682e+02
1.809724810250086335e+01 1.597129896045006205e+02
1.823134914314407240e+01 1.596597494689920609e+02
1.869019563611848866e+01 1.594798966199668371e+02
1.914951135164723439e+01 1.593134805468536115e+02
1.943692957508436336e+01 1.592010798037465236e+02
1.960747102444435086e+01 1.591082324906147107e+02
2.006429364823718942e+01 1.588704236110946795e+02
2.039749106422461011e+01 1.587024091645439512e+02
2.052072692927016107e+01 1.586214654136890090e+02
2.097572588140216965e+01 1.583314334105843670e+02
2.116612837042509909e+01 1.582104406654937065e+02
2.142984072841257159e+01 1.580160839492888556e+02
2.188481570813485177e+01 1.577253654661872702e+02
2.189273892060948867e+01 1.577199397731027943e+02
2.233742993824439083e+01 1.573670439592377761e+02
2.252857834125717318e+01 1.572326086784029258e+02
2.279050191693066552e+01 1.570218306564717921e+02
2.318913200972025379e+01 1.567444145431519473e+02
2.324438048028858361e+01 1.566997149166572285e+02
2.369689029085796506e+01 1.563384032253080704e+02
2.379744568441593344e+01 1.562580446686815492e+02
2.414814184027531496e+01 1.559410596489130114e+02
2.434205231030422567e+01 1.557738994933775700e+02
2.459881866747205947e+01 1.555272581814421642e+02
2.485936534924952923e+01 1.552907074311318354e+02
2.504905530833872263e+01 1.551008514267304292e+02
2.536409083879294712e+01 1.548079549357972269e+02
2.549913334055156611e+01 1.546699027144358638e+02
2.588843189018143676e+01 1.543245174499489849e+02
2.595006352902518643e+01 1.542633565646613079e+02
2.640287772142515621e+01 1.539107612285079654e+02
2.651782208668731755e+01 1.538374115671187781e+02
2.685622747672998401e+01 1.535735024073464672e+02
2.714220386268154073e+01 1.533504805821867762e+02
2.730850478225907807e+01 1.532055326427744717e+02
2.768985626240061038e+01 1.528662290461169277e+02
2.775961567949967446e+01 1.528041613150210196e+02
2.821003329413680660e+01 1.523829369710391006e+02
2.866022509672599483e+01 1.519552462160570485e+02
2.872984191938630261e+01 1.518996577609993039e+02
2.911294837122140677e+01 1.516000473317607771e+02
2.946158149287515471e+01 1.514089777591678398e+02
2.956921128948063426e+01 1.513462105828159565e+02
3.002750512275994765e+01 1.511505316307828082e+02
3.048795631521284122e+01 1.510166313624664269e+02
3.095064716119351544e+01 1.509468663798373029e+02
3.141513606557217031e+01 1.509285910529108605e+02
3.188074370410890879e+01 1.509423520806905685e+02
3.234738404875984941e+01 1.509856859423241815e+02
3.281524930480165381e+01 1.510640966767954865e+02
3.328516635756447783e+01 1.512012631818544435e+02
3.345321397802763386e+01 1.512695868812580784e+02
3.375591119227745196e+01 1.513621342605017048e+02
3.422824088831271183e+01 1.515683898293917480e+02
3.445861286246702093e+01 1.516996046714249644e+02
3.470202311079741264e+01 1.518162403135884233e+02
3.517676376831794016e+01 1.520915367862262428e+02
3.524882995697252852e+01 1.521371367752769572e+02
3.565087954283877991e+01 1.523489389510122862e+02
3.600377447965743727e+01 1.525759006244788623e+02
3.612611423683532053e+01 1.526383827773085216e+02
3.659864529452839577e+01 1.528504045896333423e+02
3.695569072383979403e+01 1.530077860695979837e+02
3.707062414162660957e+01 1.530466131594980936e+02
3.753992391101803605e+01 1.531661029815868744e+02
3.800873766434550305e+01 1.532716751245684748e+02
3.847608488498605084e+01 1.533352512660798936e+02
3.894139196903144295e+01 1.533404055393208125e+02
3.940496902286302827e+01 1.532960182291715512e+02
3.986638325682703510e+01 1.531896958614893549e+02
4.032595856475153084e+01 1.530307135419709539e+02
4.065656996766534803e+01 1.528785485186075448e+02
4.078324281687578434e+01 1.528061239682719190e+02
4.123871103176747965e+01 1.525295298924102951e+02
4.148121845500426730e+01 1.523846240660118099e+02
4.169337126317071807e+01 1.522297981967240617e+02
4.214862403047401074e+01 1.519470345091513650e+02
4.224115997717690618e+01 1.518929592304311598e+02
4.260348675860491596e+01 1.516531015610479471e+02
4.306101464264416734e+01 1.514354886925743244e+02
4.316094044653581818e+01 1.513957126958200092e+02
4.351853662989657323e+01 1.512177069622191539e+02
4.397803502974690559e+01 1.510565222836096382e+02
4.443916315188337762e+01 1.509420067451669070e+02
4.481917999168325650e+01 1.508726786020441466e+02
4.490107451511174474e+01 1.508499202970129431e+02
4.536311668073901160e+01 1.507615795394842451e+02
4.582593907502706543e+01 1.506955816075048915e+02
4.628861196267524747e+01 1.506253023655173990e+02
4.675080884245041091e+01 1.505413920415147402e+02
4.721298371441515940e+01 1.504568514962786878e+02
4.767502785569762125e+01 1.503685673141118855e+02
4.797401328422228062e+01 1.502973823029928440e+02
4.813566724973476596e+01 1.502400564340304641e+02
4.859403766129987901e+01 1.500465703971849791e+02
4.905245488294711720e+01 1.498544248257080369e+02
4.919295603179219256e+01 1.497896887914236856e+02
4.950868916739398173e+01 1.495997681116599551e+02
4.996563529546752136e+01 1.493654959320033129e+02
5.010654217047093084e+01 1.492926585676063667e+02
5.042115767875385757e+01 1.490904530360105014e+02
5.087825359842148032e+01 1.488604703263815736e+02
5.102602307575705254e+01 1.487954224940031622e+02
5.133514050116426120e+01 1.486245021551526406e+02
5.179359705738008302e+01 1.484334829783443581e+02
5.221380427228287147e+01 1.482888171677749938e+02
5.225302290562393637e+01 1.482702206935551885e+02
5.271092890140005238e+01 1.480634355285480410e+02
5.317004279269085032e+01 1.478912399654382739e+02
5.349558584110847903e+01 1.477789292762136029e+02
5.362907868233085651e+01 1.477168107272999293e+02
5.408765172315693803e+01 1.475291272332947301e+02
5.454751676471958888e+01 1.473784417996228342e+02
5.494555033813877287e+01 1.472631683073839213e+02
5.500774047662527266e+01 1.472380273407397056e+02
5.546714806542840392e+01 1.470742421739819292e+02
5.592736012319861061e+01 1.469334939843234338e+02
5.638792165209309815e+01 1.468027533382938543e+02
5.659162570415259097e+01 1.467405589961036583e+02
5.684721822659523127e+01 1.466357891378941645e+02
5.730585151019312207e+01 1.464498307711614871e+02
5.776447338163907830e+01 1.462635456031551655e+02
5.782849793699614338e+01 1.462322393731121224e+02
5.822035431079223144e+01 1.459987701174168251e+02
5.861357934568297878e+01 1.457396966333494674e+02
5.867456852156880132e+01 1.456862660620963936e+02
5.910982963068056506e+01 1.452572400986792047e+02
5.912415927789623993e+01 1.452413635941286714e+02
5.949671266938653957e+01 1.447786027524066128e+02
5.957020663380805559e+01 1.446949914143756359e+02
5.987729851802788517e+01 1.443001853088567543e+02
6.001592646019372523e+01 1.441392400161554121e+02
6.027178956946571020e+01 1.438212822849252746e+02
6.046240860389886507e+01 1.436053185297771506e+02
6.069828444612056728e+01 1.433412616627905436e+02
6.091059546083812393e+01 1.431202136433445844e+02
6.118056017146784598e+01 1.428592931304965532e+02
6.136050244780497565e+01 1.426843668360633615e+02
6.170676090870301778e+01 1.423757907029875298e+02
6.181141752311722826e+01 1.422773879019717640e+02
6.225948639409929797e+01 1.418913620108621387e+02
6.226295178493427329e+01 1.418881401494618899e+02
6.271364641058869438e+01 1.414748483631325939e+02
6.278836632061012324e+01 1.414077660240020009e+02
6.316352667151966216e+01 1.410382362223168968e+02
6.327323606686238122e+01 1.409257069065019436e+02
6.361152898463194560e+01 1.405478466921148026e+02
6.369798818841979937e+01 1.404457471427162432e+02
6.403865709682162333e+01 1.399687236294352886e+02
6.405549273189839710e+01 1.399418077674511949e+02
6.427842438614965204e+01 1.394952236783353499e+02
6.448886044922244309e+01 1.390323382455636363e+02
6.449297151402149098e+01 1.390226044346801473e+02
6.464874682704501652e+01 1.385520375480238897e+02
6.478030490367567040e+01 1.380823163458974534e+02
6.490593898793193262e+01 1.376564076790985780e+02
6.491769125864200873e+01 1.376123916158067004e+02
6.506651146842554567e+01 1.371420676067074851e+02
6.528303819848963485e+01 1.366693792338204503e+02
6.533359749650352910e+01 1.365834478093308064e+02
6.554226696164164423e+01 1.361951996730791450e+02
6.577276808650557882e+01 1.358401508192189340e+02
6.584449463229859134e+01 1.357195185574004483e+02
6.613177051958746233e+01 1.352443595695022509e+02
6.621275966293180204e+01 1.351203638042912303e+02
6.640018408785618931e+01 1.347698592682986032e+02
6.664976559714912696e+01 1.343150791828583692e+02
6.665915615157121010e+01 1.342956886716991676e+02
6.684384808638341724e+01 1.338241119943589581e+02
6.704103746937127539e+01 1.333520988965117624e+02
6.707845435181491212e+01 1.332716217011877973e+02
6.721788622411324354e+01 1.328807961090548417e+02
6.742975889107546550e+01 1.324082702596326158e+02
6.750840585308662867e+01 1.322643245511549139e+02
6.766722859834203518e+01 1.319348505418662114e+02
6.794624530561668507e+01 1.314829087712415969e+02
6.796212212311874623e+01 1.314594255402052170e+02
6.828990645649443536e+01 1.309828519661987514e+02
6.838914826690788118e+01 1.308464929107111629e+02
6.865445095516315632e+01 1.305049946989336149e+02
6.883287260362521920e+01 1.302335981649246719e+02
6.897226671205837079e+01 1.300287692352885642e+02
6.920088440656070361e+01 1.295556586366194551e+02
6.926965551810485522e+01 1.294219270937963131e+02
6.942569489350293566e+01 1.290826809885679722e+02
6.964159410165555641e+01 1.286100145292289483e+02
6.970215861862592988e+01 1.284876981861449394e+02
6.982824082282303380e+01 1.281383695892450305e+02
6.996453098106857738e+01 1.276684831391872876e+02
7.009901514295250990e+01 1.271986597559121890e+02
7.011976850556220597e+01 1.271269834420843949e+02
7.020571147055332517e+01 1.267298067451927750e+02
7.031305724219132003e+01 1.262609310553878288e+02
7.040469769959449309e+01 1.257926038072410790e+02
7.045480930515344653e+01 1.253257267785568416e+02
7.048710726389560932e+01 1.248594718161268986e+02
7.049811904105604299e+01 1.246420279663947497e+02
7.050628354673526133e+01 1.243936750727164906e+02
7.050975974000229485e+01 1.239284265885150376e+02
7.049490387070738961e+01 1.234638182740446410e+02
7.046023611656528374e+01 1.229999018058381779e+02
7.043342442953144200e+01 1.227894166847363664e+02
7.039411263364809201e+01 1.225370837958854651e+02
7.029279047629324850e+01 1.220754949507291940e+02
7.018446927666423107e+01 1.216141505175148581e+02
7.008228880864479038e+01 1.211525916452274743e+02
6.998997157608732778e+01 1.206906883411680695e+02
6.989958991083659612e+01 1.202287174456089076e+02
6.987454851613230744e+01 1.201048017147363964e+02
6.978525140192382992e+01 1.197675831414650389e+02
6.968999712595501705e+01 1.193057824012215917e+02
6.961175107860219669e+01 1.188433877205471845e+02
6.954822747169495756e+01 1.183804789209236219e+02
6.949174937521698325e+01 1.179173240866544035e+02
6.944664833381901303e+01 1.174537719568672429e+02
6.942000421956257128e+01 1.169895752969818545e+02
6.941016869555824087e+01 1.165247916681907725e+02
6.940946741012987786e+01 1.160596890647599082e+02
6.942657606769282097e+01 1.155939645244151848e+02
6.948670854861663315e+01 1.151267375590522306e+02
6.959279774729040469e+01 1.146579057497421275e+02
6.967454586699409447e+01 1.143774751967599315e+02
6.971199688931412197e+01 1.141886161311222452e+02
6.979707626416788457e+01 1.137205180010268180e+02
6.988039476554888552e+01 1.132524813619880319e+02
6.994590826014362506e+01 1.127850664874870432e+02
6.998698690070230555e+01 1.123185048968913975e+02
7.000805790413184582e+01 1.118526419883800145e+02
7.002997884030918385e+01 1.113867493995630724e+02
7.003331954617081578e+01 1.113319119050898962e+02
7.004633239240271791e+01 1.109210512280823906e+02
7.006654570338415056e+01 1.104552182708512902e+02
7.009103916145045332e+01 1.099892358475904359e+02
7.013099739454472115e+01 1.095227133824856054e+02
7.018028169846158448e+01 1.090558652438113114e+02
7.022085086072090121e+01 1.085893214445899133e+02
7.022363279879024844e+01 1.081240972043142108e+02
7.016487554317882314e+01 1.076610219600357254e+02
7.005153914325455844e+01 1.071998526614748499e+02
6.988713110349016233e+01 1.067404668238763890e+02
6.987191846233233150e+01 1.067099895881544427e+02
6.961134893946356783e+01 1.062849702563986511e+02
6.938054550209437821e+01 1.059584062822216453e+02
6.927186813042123958e+01 1.058316980946204353e+02
6.889739422513929412e+01 1.054422611811898634e+02
6.883385332723602801e+01 1.053818668157387748e+02
6.841740277452262831e+01 1.050166016675163547e+02
6.832497743964890446e+01 1.049345100604514585e+02
6.793692797277142859e+01 1.045771007883283517e+02
6.784346419294672614e+01 1.044861977806891105e+02
6.745646145174032426e+01 1.040345851213498065e+02
6.745267792813922370e+01 1.040294910977945761e+02
6.711088973650382172e+01 1.035815256587027875e+02
6.696185235234406719e+01 1.032935828314093953e+02
6.685209427795302872e+01 1.031254359023986922e+02
6.662337263990784209e+01 1.026682959451409971e+02
6.959469262478231144e+01 1.025645351648629742e+02
6.974148814444382083e+01 1.029749539693277143e+02
6.976027302559117516e+01 1.030238800627116262e+02
6.998242937103020722e+01 1.034812492850390839e+02
7.023946662081607428e+01 1.039156945083461494e+02
7.025268316456933348e+01 1.039369389074682886e+02
7.051865246973036960e+01 1.043927781475285315e+02
7.073348165986271852e+01 1.047429370522380054e+02
7.079741587704694439e+01 1.048481706076965452e+02
7.106389366006146702e+01 1.053039920913188752e+02
7.122606716242901825e+01 1.055292430273997581e+02
7.138908962317691476e+01 1.057577630909089379e+02
7.171361107785094191e+01 1.061711768361480921e+02
7.174509895126004722e+01 1.062104580640836815e+02
7.202972808530489601e+01 1.066656456885607298e+02
7.217844300233792865e+01 1.071255795420806862e+02
7.218007978406356528e+01 1.075906494772609960e+02
7.210760078429174769e+01 1.080583075925626702e+02
7.203217546786461867e+01 1.085260685955091162e+02
7.197295641095425367e+01 1.089932636634026579e+02
7.192238468138387475e+01 1.094601567599714400e+02
7.187428372172377067e+01 1.099269635753537244e+02
7.185203649027809547e+01 1.101351620072043573e+02
7.181193464118999259e+01 1.103942679460807170e+02
7.175739783744921851e+01 1.108612995060906314e+02
7.172826869777597381e+01 1.113274438109203004e+02
7.172964823492998221e+01 1.117925227292789998e+02
7.176103604331089514e+01 1.122565537357153289e+02
7.180659648923179361e+01 1.127200898227430486e+02
7.183594369245753342e+01 1.131841920886816268e+02
7.181842142583928990e+01 1.136499310725728265e+02
7.174518815090223711e+01 1.141176155277436806e+02
7.163661344744573967e+01 1.145865341327933749e+02
7.155366851616079771e+01 1.149105183686887699e+02
7.150902886317911111e+01 1.150561165775089165e+02
7.138982397046740402e+01 1.155254063969472469e+02
7.129100052763379836e+01 1.159939844804724771e+02
7.120140896990088208e+01 1.164622401794661215e+02
7.115417290760797187e+01 1.167899581765763770e+02
7.112221358209134792e+01 1.169301328362062833e+02
7.108357255211817005e+01 1.173966093035645599e+02
7.111382976136550838e+01 1.178606797913926272e+02
7.119939574105723068e+01 1.183228188543971271e+02
7.120904336677227775e+01 1.183612425429548694e+02
7.128253951430099278e+01 1.187850425027146599e+02
7.136816559776571012e+01 1.192471794668491611e+02
7.146068945405480122e+01 1.197090755554488624e+02
7.156306416340379428e+01 1.201706276446795556e+02
7.167302856617823181e+01 1.206319146959756239e+02
7.176718554327266020e+01 1.210248460372797297e+02
7.178022771486715214e+01 1.210932983120722071e+02
7.184817492655130877e+01 1.215560526360130353e+02
7.189439251694574295e+01 1.220195657750500686e+02
7.192212253199417660e+01 1.224837245144442051e+02
7.194028072075798264e+01 1.229482175093776561e+02
7.195469458177726096e+01 1.234128412591171724e+02
7.195536724976878418e+01 1.238779448618909527e+02
7.192882716413495814e+01 1.243439987549613193e+02
7.189345229188310782e+01 1.246406526316981740e+02
7.185457451327994249e+01 1.248117188075236328e+02
7.174783625211637172e+01 1.252805732825953271e+02
7.168609905957404749e+01 1.257478562857228184e+02
7.168374098889086099e+01 1.262130657242232559e+02
7.174175118537229423e+01 1.266761670563814022e+02
7.185019493752815833e+01 1.271375072099672110e+02
7.197039083258232495e+01 1.275984369696798240e+02
7.201293111676912417e+01 1.280620785230792649e+02
7.178631544482158233e+01 1.285351192095802162e+02
7.157023996438411473e+01 1.287045597970951860e+02
7.111604557906466084e+01 1.290176315792265314e+02
7.110631845841490417e+01 1.290239923204552781e+02
7.066416884691622613e+01 1.293970722645854607e+02
7.054266864037634832e+01 1.295088024986827122e+02
7.021958004946168330e+01 1.299852120937491122e+02
6.992498175506912617e+01 1.304606267857379294e+02
6.979119151731779880e+01 1.309304259366483336e+02
6.978788829937045080e+01 1.309426750378093232e+02
6.963903352578026329e+01 1.314008665036548109e+02
6.951374993219855014e+01 1.318703685960050223e+02
6.938481458629567555e+01 1.323399982103562991e+02
6.937329573116218739e+01 1.323897944852013211e+02
6.926560665667028616e+01 1.328092881358459749e+02
6.922287692199353160e+01 1.332759073839187351e+02
6.925465544411298424e+01 1.337399247463306722e+02
6.942341475176280596e+01 1.341991586343062863e+02
6.943714583704505117e+01 1.342182222894043662e+02
6.991364252937972878e+01 1.345438050197527389e+02
7.023479533697260990e+01 1.346359516927777520e+02
7.038332150076550420e+01 1.346741537661971222e+02
7.084965253021144349e+01 1.347086299992764111e+02
7.131192349382547491e+01 1.346268411588464744e+02
7.137861366103609839e+01 1.345960086767426844e+02
7.177072284987266926e+01 1.344456384848347739e+02
7.222534857344433590e+01 1.341449186141436201e+02
7.227429526860530018e+01 1.340996036929291222e+02
7.267584889217468458e+01 1.337260626055215766e+02
7.277638667947456952e+01 1.336169431816487077e+02
7.312334426938042498e+01 1.332211563303014259e+02
7.319402312664951182e+01 1.331372319026879154e+02
7.355228648793976731e+01 1.326595939775733086e+02
7.356804720843464906e+01 1.326362850888971252e+02
7.386670152077454077e+01 1.321834872698292713e+02
7.400892892567483727e+01 1.319419883717766595e+02
7.415094859267082938e+01 1.317084340504952138e+02
7.438565527036519143e+01 1.312351108198476197e+02
7.444408852533089771e+01 1.310838316462007640e+02
7.456746541154126362e+01 1.307636347769586962e+02
7.470820212271326000e+01 1.302935930498511823e+02
7.486764661069082649e+01 1.298934510187773981e+02
7.489854525026615306e+01 1.298218190285119249e+02
7.523145612964074758e+01 1.293450664315743381e+02
7.531106161505135788e+01 1.292716981532720126e+02
7.571394109155860974e+01 1.288630905925783168e+02
7.576047085376524137e+01 1.288215977009471089e+02
7.615479283973755287e+01 1.283825686174424447e+02
7.620811621834749872e+01 1.283209865022305110e+02
7.651426907795203647e+01 1.279048883377323591e+02
7.665171303261547564e+01 1.277044399912841897e+02
7.682967831304162587e+01 1.274287469116805624e+02
7.709215145589618601e+01 1.269974489960601005e+02
7.712013359724656425e+01 1.269534768967955358e+02
7.740565140641780317e+01 1.264783793023380127e+02
7.753193428420266287e+01 1.262716842171035836e+02
7.770090659323503246e+01 1.260029416711602721e+02
7.797176868063760935e+01 1.255473961561352780e+02
7.798462610263626971e+01 1.255279068747145033e+02
7.827622522129604477e+01 1.250525969162501383e+02
7.841194047690041202e+01 1.248327699620949005e+02
7.858286251125491617e+01 1.245767618132722561e+02
7.885300935151121848e+01 1.241438327308427318e+02
7.888441647257175759e+01 1.241011042240421318e+02
7.917535330399803684e+01 1.236258173931575755e+02
7.929171877872906293e+01 1.233873297664374462e+02
7.942181497788186562e+01 1.231520836689976761e+02
7.959371317012926283e+01 1.226809537589925014e+02
7.971590066367136274e+01 1.222148124218510787e+02
7.971702275088395595e+01 1.222115206006891839e+02
7.983168713819642903e+01 1.217423893391932808e+02
7.992058513551725696e+01 1.212741578598628962e+02
8.001529875769000455e+01 1.208057232944376267e+02
8.011724582632990632e+01 1.203883369137961097e+02
8.013318786533076832e+01 1.203364794232264643e+02
8.026156294664539814e+01 1.198668693737457289e+02
8.033952915281722085e+01 1.193990196409742026e+02
8.035972758058551335e+01 1.189331872034763506e+02
8.032615207840763105e+01 1.184692325929908208e+02
8.026409248438309874e+01 1.180062726689108530e+02
8.022517494898980317e+01 1.175425046063358536e+02
8.028367950178284218e+01 1.170753344894758925e+02
8.045211305284755099e+01 1.166581823886850771e+02
8.047230877469519328e+01 1.166036203172594696e+02
8.067476297312592237e+01 1.161314233680057697e+02
8.082002033878791281e+01 1.156612237761648601e+02
8.087118708983004467e+01 1.153393954161917350e+02
8.089778018913943924e+01 1.151933812494973637e+02
8.091716658214653535e+01 1.147275771688782271e+02
8.090556671996304772e+01 1.142628551521340228e+02
8.088927884425979187e+01 1.137982968444293164e+02
8.088234926320220097e+01 1.133334117378744423e+02
8.089021379147186508e+01 1.128680100096379277e+02
8.090730997707214556e+01 1.124022859048237279e+02
8.093117113989120526e+01 1.119363255617994639e+02
8.095281991109516184e+01 1.114704424771928188e+02
8.097281130167394281e+01 1.110046172695929414e+02
8.099278504459624628e+01 1.105387926782628085e+02
8.100809601096469237e+01 1.100731309146779040e+02
8.099847287762179349e+01 1.096083398690415009e+02
8.094367662043984524e+01 1.091451263036499029e+02
8.082776568069814971e+01 1.086840469100005464e+02
8.062711613623665130e+01 1.082259266536336497e+02
8.062250243318266030e+01 1.082179986008621881e+02
8.037376643236351015e+01 1.077696467273857621e+02
8.014029588158888373e+01 1.073126726058148108e+02
8.015315067826966811e+01 1.068470966135653981e+02
8.050252417851308451e+01 1.063697691292392165e+02
8.055594277388937030e+01 1.063119793389149947e+02
8.085137755762281131e+01 1.058924598079432542e+02
8.099569679010107848e+01 1.055853894895149665e+02
8.107711337998745194e+01 1.054194498464667760e+02
8.122192424192431304e+01 1.049492658468795270e+02
8.131545941086616835e+01 1.044808724339478800e+02
8.138843572882197464e+01 1.040131969519125335e+02
8.140184470904105751e+01 1.038964469267907731e+02
8.146732003607735351e+01 1.035453151583446925e+02
8.149749975798602009e+01 1.030791341663749421e+02
8.147158534698644416e+01 1.026149120246903124e+02
