-8.490479776157692982e+01 9.925110153037017824e+01
-8.482093801636213470e+01 9.879098672394226810e+01
-8.473103826196879140e+01 9.833129427610033702e+01
-8.464934306339060299e+01 9.787102810982682399e+01
-8.456974655871186997e+01 9.741061518857968338e+01
-8.447297978739044311e+01 9.695140292933909620e+01
-8.437717185497160699e+01 9.649212362155087419e+01
-8.437181514184800335e+01 9.645665367241738863e+01
-8.432104261556743552e+01 9.603006970925804353e+01
-8.427747761963544804e+01 9.556713721947473061e+01
-8.422734849052542927e+01 9.510466373859773626e+01
-8.416858773087969325e+01 9.464279384012596097e+01
-8.411516937856148957e+01 9.418055036414168057e+01
-8.407825520891958604e+01 9.371715280327912012e+01
-8.404980970356247383e+01 9.325316305572168574e+01
-8.404400452599429627e+01 9.278759014222062262e+01
-8.405937995416272202e+01 9.232053613648537294e+01
-8.406930368529083353e+01 9.213053829336139700e+01
-8.410127476568204941e+01 9.185162771481768118e+01
-8.416572128503604233e+01 9.138114232411723492e+01
-8.422925774767296048e+01 9.091072057078169166e+01
-8.430055680838091803e+01 9.043975600371065582e+01
-8.437152606011729006e+01 8.996881449912953599e+01
-8.437969378130716791e+01 8.990551543416766833e+01
-8.447225151608671467e+01 8.949579223805086770e+01
-8.452503816617308985e+01 8.902612218483598383e+01
-8.454128329688471410e+01 8.855900736357455116e+01
-8.453013086818941701e+01 8.809380836629746625e+01
-8.448976281352588558e+01 8.763065232460327536e+01
-8.443039268221144766e+01 8.716882503754959544e+01
-8.436823207972571481e+01 8.670719287924873697e+01
-8.429745003555015614e+01 8.624616359087960404e+01
-8.420934903946518091e+01 8.578634536160370772e+01
-8.408434962041529559e+01 8.532910732141148458e+01
-8.405345600245118476e+01 8.524009783841748344e+01
-8.396861637863159444e+01 8.487122132698414134e+01
-8.386420277149923663e+01 8.441254378659326107e+01
-8.378650154273941553e+01 8.395199833474336515e+01
-8.374263894359322080e+01 8.348908665540403717e+01
-8.371613280292982040e+01 8.302496129425638571e+01
-8.369559451025131125e+01 8.256041862052498459e+01
-8.368295045877910354e+01 8.209532392767331999e+01
-8.368446545238299450e+01 8.162923913793930808e+01
-8.369616696803339551e+01 8.116244203719379868e+01
-8.371604620943369923e+01 8.069507309415764951e+01
-8.372473296391530084e+01 8.053913937342358054e+01
-8.376902394463144219e+01 8.022538967897011730e+01
-8.381370366308770770e+01 7.975628651763877031e+01
-8.382207753514268234e+01 7.928972210840117896e+01
-8.380781022336498154e+01 7.882474092496762808e+01
-8.378113820751904939e+01 7.836062716294266295e+01
-8.374250586540976826e+01 7.789734974840310144e+01
-8.368302623881233160e+01 7.743553011800548802e+01
-8.359764196636592715e+01 7.697552191690661516e+01
-8.348167351378664591e+01 7.651765237002032904e+01
-8.343263659145245015e+01 7.636196663603605828e+01
-8.336591990266853713e+01 7.605976779995560833e+01
-8.326247464240370277e+01 7.560102254615541995e+01
-8.315338401307559479e+01 7.514267205501607805e+01
-8.303664529516376547e+01 7.468485637032884483e+01
-8.291012483952761158e+01 7.422772469137595408e+01
-8.279272153246097332e+01 7.387456297646659209e+01
-8.276803329664335251e+01 7.377168184891282010e+01
-8.264958634157147799e+01 7.331398561580424200e+01
-8.251686794815876169e+01 7.285728733888068120e+01
-8.237019113403175652e+01 7.240156512981744186e+01
-8.219971322476334308e+01 7.194750725545821979e+01
-8.219035020052339746e+01 7.192405962752820869e+01
-8.206549036679956544e+01 7.149091418094440087e+01
-8.191422666009731302e+01 7.103551271865568140e+01
-8.171843950791533473e+01 7.058322463896608667e+01
-8.161607262178111455e+01 7.037531566693380114e+01
-8.152539495118386981e+01 7.013074477832020648e+01
-8.135466919494196247e+01 6.967670423510966771e+01
-8.116230612830176483e+01 6.922417672003432187e+01
-8.105293575841648135e+01 6.898589135881698553e+01
-8.097790313697495890e+01 6.877109258226948896e+01
-8.082563284009361837e+01 6.831576150762292343e+01
-8.066751456219373040e+01 6.786083936364528313e+01
-8.047756100300517801e+01 6.742145704085439206e+01
-8.047309476805207851e+01 6.740845566896715013e+01
-8.031866236730519404e+01 6.695327578335100327e+01
-8.015020203052006309e+01 6.649907682658015062e+01
-7.995332210571083920e+01 6.604686516099656046e+01
-7.990944649169276204e+01 6.596084905069227489e+01
-7.977036956960917280e+01 6.559367959752196953e+01
-7.956314397055689369e+01 6.514219137195560450e+01
-7.936178311963277565e+01 6.479270597754893402e+01
-7.931649100833399757e+01 6.469346017619909617e+01
-7.909740091948938812e+01 6.424280159657925537e+01
-7.882671699538536814e+01 6.380471194112621447e+01
-7.882226109540295056e+01 6.379606239625515229e+01
-7.859123516637274065e+01 6.334623845188735203e+01
-7.829865814149573566e+01 6.291692653946066827e+01
-7.828999026247478810e+01 6.290132469656999348e+01
-7.803088284306929268e+01 6.245346440129875987e+01
-7.777643024475020184e+01 6.211252770986985894e+01
-7.771270091127713897e+01 6.200973499834584146e+01
-7.740644163831697711e+01 6.156517188187090994e+01
-7.725927480198959074e+01 6.138066835182040393e+01
-7.709006835022688620e+01 6.112131600622996785e+01
-7.677861573292133812e+01 6.067711604376844292e+01
-7.674041416176680741e+01 6.062442353396207295e+01
-7.651437525239830961e+01 6.022961468709666377e+01
-7.621819790060845889e+01 5.982019110102075388e+01
-7.619685354614144046e+01 5.978583911667690387e+01
-7.591901209824784758e+01 5.933928883229270212e+01
-7.569897848063700962e+01 5.905881549371725470e+01
-7.558792779332797807e+01 5.889646165115911458e+01
-7.523146123594987955e+01 5.845540937001987203e+01
-7.518743085251746550e+01 5.840715162127893478e+01
-7.487713398852679347e+01 5.801420749375571972e+01
-7.467922791447841746e+01 5.780331904541394294e+01
-7.449060790911619279e+01 5.757525717916075081e+01
-7.417311840941796675e+01 5.722942395590665399e+01
-7.409545798325751775e+01 5.713690990265459391e+01
-7.368962193075135758e+01 5.669930987291692048e+01
-7.366862141917530948e+01 5.667858890264247407e+01
-7.327873726192188997e+01 5.626206287682346385e+01
-7.316592176774636869e+01 5.615345699190369544e+01
-7.285349764744779577e+01 5.582581967631455200e+01
-7.266396307159075718e+01 5.563892123523974931e+01
-7.242526693980458674e+01 5.538978563341518679e+01
-7.216258367751613889e+01 5.513266988429825233e+01
-7.198900206761868503e+01 5.495431339402891524e+01
-7.166173388820611478e+01 5.463399223434289098e+01
-7.154855822857126668e+01 5.451913337647249591e+01
-7.116212547449099191e+01 5.415306708246941980e+01
-7.109245665791112856e+01 5.408504825417001882e+01
-7.066350316771310247e+01 5.368624391679893648e+01
-7.062648198207487837e+01 5.365165352663648690e+01
-7.016610901486194507e+01 5.323698417054666976e+01
-7.014613705825117052e+01 5.321926366473155667e+01
-6.966994500049979422e+01 5.280531622427487548e+01
-6.964990563359856424e+01 5.278798469518253000e+01
-6.917427872307349901e+01 5.238076624780649837e+01
-6.914607502552767926e+01 5.235723711230331645e+01
-6.867986380520660816e+01 5.197411154676437661e+01
-6.862181261464662896e+01 5.192791826025687385e+01
-6.818616901416750409e+01 5.157775513914886290e+01
-6.808437866114736892e+01 5.149952045219410479e+01
-6.769349584862948177e+01 5.119600865686357594e+01
-6.752862840672344191e+01 5.107240344466159598e+01
-6.720095919543051366e+01 5.081621439197918733e+01
-6.697286002067897925e+01 5.064528770501550525e+01
-6.670821087341772682e+01 5.043339312203123370e+01
-6.641049954150599888e+01 5.021863292942592949e+01
-6.621685270422165104e+01 5.007045196356127548e+01
-6.581721017925522688e+01 4.979414091202695403e+01
-6.572680575687019200e+01 4.972626215107931102e+01
-6.523695480921314527e+01 4.938487526481365819e+01
-6.521599391422344638e+01 4.937020319766804022e+01
-6.474585694164103700e+01 4.902565659299383327e+01
-6.462445267098070190e+01 4.894558893987993997e+01
-6.425569701717023463e+01 4.867985113243373974e+01
-6.400543520856430746e+01 4.852289600650290424e+01
-6.376722607753974614e+01 4.835819928038747406e+01
-6.331075842968226652e+01 4.810549368792014491e+01
-6.328224420348419699e+01 4.808644339067623719e+01
-6.279560475636206718e+01 4.779098310174373410e+01
-6.260275880230202006e+01 4.768902299365886677e+01
-6.230969492706653057e+01 4.750595683384423040e+01
-6.187448344840768755e+01 4.727397011631256163e+01
-6.182530579920329217e+01 4.724267760960406548e+01
-6.133778856688287817e+01 4.693466440750581370e+01
-6.120079495990466967e+01 4.685510015349544943e+01
-6.084980580336913647e+01 4.661999379917976682e+01
-6.051302374135333650e+01 4.643721495109407726e+01
-6.036429779594600120e+01 4.634071385177212221e+01
-5.988002110337053807e+01 4.607904252705812809e+01
-5.976224771609908260e+01 4.602373547396256015e+01
-5.939559518401262039e+01 4.581523715993154866e+01
-5.891701734144510283e+01 4.563506318722834010e+01
-5.885043923949712052e+01 4.562151648277323090e+01
-5.844105052831599778e+01 4.549222867510995627e+01
-5.797854255932773526e+01 4.554186460125084324e+01
-5.774944624077110689e+01 4.569850541314627179e+01
-5.753453010327561401e+01 4.585599868513854460e+01
-5.730176684975688772e+01 4.619578905679387759e+01
-5.713087123611298068e+01 4.667371809329229393e+01
-5.712700392048202502e+01 4.669191078584749732e+01
-5.698686068184933617e+01 4.714976714329933571e+01
-5.690026666239135977e+01 4.762180123807458187e+01
-5.681834075685188168e+01 4.809350890652571309e+01
-5.677329100365807335e+01 4.829738844337173020e+01
-5.668962188281126657e+01 4.856848865808549931e+01
-5.657258655462092634e+01 4.904265141653178262e+01
-5.647635716358200852e+01 4.951535928212356907e+01
-5.641267438008638635e+01 4.980413849476270371e+01
-5.636471631921453707e+01 4.998914482151403860e+01
-5.624474420039959455e+01 5.046351294036604429e+01
-5.617136509447341552e+01 5.093462295836789622e+01
-5.616435275417477158e+01 5.140109216003041581e+01
-5.622984318935726833e+01 5.186249147374648061e+01
-5.638471616850330292e+01 5.231764055111977285e+01
-5.661380922638952029e+01 5.268050080433891225e+01
-5.666555598855300957e+01 5.276398116889807710e+01
-5.702017371756390673e+01 5.320516273271086760e+01
-5.712404902327689626e+01 5.331346181880587665e+01
-5.746660022621307462e+01 5.363992440125512928e+01
-5.762203342232162129e+01 5.377116247888197620e+01
-5.804319965573040463e+01 5.406558349244170358e+01
-5.811193557757104600e+01 5.411328166783589921e+01
-5.859844128227916826e+01 5.440682935114123353e+01
-5.874104849018513619e+01 5.448276399929095959e+01
-5.908384624953291109e+01 5.468463575547541211e+01
-5.947872892439909265e+01 5.489715920935444160e+01
-5.956854633529032128e+01 5.495236188477993267e+01
-6.005457582968459462e+01 5.523909944331901301e+01
-6.017817317608151484e+01 5.531422815376324564e+01
-6.054293161758756980e+01 5.555910454894117123e+01
-6.082837330164531409e+01 5.573474058291846944e+01
-6.103042670583147356e+01 5.586680107599158163e+01
-6.151486324142936724e+01 5.613075826242285871e+01
-6.155268162005974375e+01 5.615007086240875367e+01
-6.200020281678541778e+01 5.640762951905210798e+01
-6.230803080806271055e+01 5.656323055284875778e+01
-6.248462975844169875e+01 5.667144950572656370e+01
-6.296951601985321645e+01 5.694183807092565530e+01
-6.302758086498209877e+01 5.697889356239578262e+01
-6.346008367623268498e+01 5.729347436943368166e+01
-6.359677500392061233e+01 5.740507048194405115e+01
-6.395487949764149960e+01 5.770557624490508175e+01
-6.409059798485358783e+01 5.783651786628414015e+01
-6.445530852252694842e+01 5.819823668325184229e+01
-6.451998615149720706e+01 5.827247097176564949e+01
-6.487175474033959688e+01 5.871385176686720087e+01
-6.496559452397448808e+01 5.883185845371318123e+01
-6.520381861435289750e+01 5.915661044985701267e+01
-6.547731240400111119e+01 5.948595704185414945e+01
-6.556649918554867895e+01 5.959722820482060968e+01
-6.593090819913847156e+01 6.003772509531796686e+01
-6.598625890087797075e+01 6.010042300450093933e+01
-6.626863915454545406e+01 6.048008749737289236e+01
-6.649848043207796877e+01 6.076172413998222055e+01
-6.660955650228419245e+01 6.092222708517044794e+01
-6.692582159172795286e+01 6.136609052679779097e+01
-6.701477128013956985e+01 6.148121921779431887e+01
-6.722906221501821733e+01 6.181086472782050834e+01
-6.753147693270757657e+01 6.220664627641400557e+01
-6.756243739392942871e+01 6.225353171543932262e+01
-6.785678437927600726e+01 6.269892782021002375e+01
-6.804999352559632086e+01 6.295797098817131854e+01
-6.816346950421996098e+01 6.314346115821336269e+01
-6.843186169924345563e+01 6.359067219872601839e+01
-6.857435880556802488e+01 6.379293582194198109e+01
-6.871703668672459742e+01 6.403670967206660691e+01
-6.903997591814564316e+01 6.448010641222300876e+01
-6.909300245424600462e+01 6.454607751613761479e+01
-6.934503564500391803e+01 6.492475340913262016e+01
-6.960886372489042628e+01 6.525942935067477890e+01
-6.968452372076889390e+01 6.536699294136271021e+01
-6.999905992587146386e+01 6.581097727836024092e+01
-7.012497595503025138e+01 6.597637007319985969e+01
-7.031053885372013212e+01 6.625517540100938163e+01
-7.064037964601806152e+01 6.668317821378228416e+01
-7.065055444428398346e+01 6.669737804581133389e+01
-7.096945916082434280e+01 6.714105690673108029e+01
-7.115419791059704835e+01 6.736731370041746914e+01
-7.130709937573878676e+01 6.758342565397936141e+01
-7.164309655003916077e+01 6.802590929381968010e+01
-7.166848206975332403e+01 6.805811178991308452e+01
-7.193848724168177000e+01 6.847123241553649109e+01
-7.218650132331028146e+01 6.880232421787019348e+01
-7.226025617121193534e+01 6.891471099117313770e+01
-7.256086075561678683e+01 6.935966952199127888e+01
-7.270466991861786710e+01 6.954867233236124946e+01
-7.287274654243428529e+01 6.980383919428980732e+01
-7.317991642905035121e+01 7.024833863445486770e+01
-7.322395899883026971e+01 7.031104412752191024e+01
-7.344524099520349125e+01 7.069576418447465471e+01
-7.372508535254715412e+01 7.114217441178639945e+01
-7.375109688016129894e+01 7.118565900799528379e+01
-7.394069598159101986e+01 7.159307629893739033e+01
-7.415836446617376509e+01 7.204383428681111923e+01
-7.429586622447547484e+01 7.231241555620819383e+01
-7.437347051798174391e+01 7.249477145743959738e+01
-7.454686769083156150e+01 7.294862519700336634e+01
-7.470868777199090971e+01 7.340328848568061915e+01
-7.486357014779014207e+01 7.385843690597590694e+01
-7.487167510817536709e+01 7.388305819793855278e+01
-7.497854493100133766e+01 7.431637593699322508e+01
-7.509322823213811660e+01 7.477433535042274571e+01
-7.520782856710364683e+01 7.523230056541211752e+01
-7.532024912283746687e+01 7.569041820541390564e+01
-7.541393165114074293e+01 7.614984613593601637e+01
-7.549991385176186043e+01 7.660981252582386958e+01
-7.554169971333143963e+01 7.680104842834882106e+01
-7.558744107897065589e+01 7.706967087692807183e+01
-7.569341109559273661e+01 7.752823958256526282e+01
-7.583326172960497047e+01 7.798443912464166772e+01
-7.601517822491311449e+01 7.843769713514600994e+01
-7.614025977006757273e+01 7.869704800261887101e+01
-7.621107352059772211e+01 7.888997765270522677e+01
-7.638247897838817835e+01 7.934397066655338904e+01
-7.659141358123490306e+01 7.979533938693279538e+01
-7.669548944104903399e+01 7.997339419143686712e+01
-7.681828211883268409e+01 8.024545404442946506e+01
-7.706383094703670622e+01 8.069426244875786836e+01
-7.722930251019550951e+01 8.094346870505988534e+01
-7.733369574735809238e+01 8.114137051467679385e+01
-7.760405880910221299e+01 8.158844373876290490e+01
-7.775470580560039480e+01 8.179327785110980642e+01
-7.790117766532003429e+01 8.203364601544046764e+01
-7.820127187892592246e+01 8.247864023486148710e+01
-7.827607687695342520e+01 8.258542350672169619e+01
-7.846572248180321196e+01 8.292612689834690798e+01
-7.874408774851576709e+01 8.337264055375105443e+01
-7.880339949790001697e+01 8.346268028678200324e+01
-7.898593045686273229e+01 8.382170811522573217e+01
-7.924488373364951599e+01 8.426957918919887902e+01
-7.933634277212212282e+01 8.442031615347987383e+01
-7.947127446237122683e+01 8.471972725834697826e+01
-7.968693577396186356e+01 8.517062560142906591e+01
-7.988112826433743408e+01 8.554730362743744365e+01
-7.990839837322729977e+01 8.562111827895887473e+01
-8.003753344954714066e+01 8.607806712582291198e+01
-8.014278216375107888e+01 8.653668626983865408e+01
-8.021978498940006830e+01 8.699728055879154454e+01
-8.024904514153220703e+01 8.746121334069712816e+01
-8.021620813045666409e+01 8.792948837925656846e+01
-8.011943490679595925e+01 8.840223427332982453e+01
-8.008724891543485569e+01 8.849496626739808391e+01
-7.988961077540309930e+01 8.888428399320699214e+01
-7.967741613262003852e+01 8.929789245101564177e+01
-7.963168952490832453e+01 8.936829845504773573e+01
-7.929598952409946833e+01 8.985775173693490103e+01
-7.925447459677863549e+01 8.991335473255861643e+01
-7.890150396162015056e+01 9.035131570573798854e+01
-7.882562552463292604e+01 9.044433530901387996e+01
-7.848835578987265649e+01 9.084618469130975882e+01
-7.839579568317543590e+01 9.096129023086662357e+01
-7.808169180901379036e+01 9.134060025808464900e+01
-7.796723755170719983e+01 9.149643145285155299e+01
-7.770773591297692917e+01 9.183272865276315144e+01
-7.754601081191776757e+01 9.213641646043180344e+01
-7.744292087947627579e+01 9.231722517487173718e+01
-7.728295320247516997e+01 9.279439005559960663e+01
-7.721771746656719415e+01 9.326493063369760250e+01
-7.720564849578583733e+01 9.373175342940895405e+01
-7.724238746188498794e+01 9.419516324169670440e+01
-7.731606818898839606e+01 9.465598983440986558e+01
-7.739987053062159816e+01 9.511610865488721345e+01
-7.746983967067373555e+01 9.557719478705011795e+01
-7.754500770897692519e+01 9.603791737683269503e+01
-7.764295654089090704e+01 9.649704697834452816e+01
-7.775067850076084142e+01 9.695549317617567908e+01
-7.781498950336793996e+01 9.741697496385165778e+01
-7.783692852843509513e+01 9.788141968883272170e+01
-7.784637681921196872e+01 9.834673785104155286e+01
-7.785408546182696909e+01 9.881217766130023961e+01
-7.786537348043592033e+01 9.927736717720692639e+01
-7.788610688250921044e+01 9.974189620756037300e+01
5.887278791016390755e+01 1.046452212147182479e+02
5.880281595876584788e+01 1.041743494481703465e+02
5.875274956806552495e+01 1.037048696140219874e+02
5.874364730227645737e+01 1.032382542705327211e+02
5.878624131912405915e+01 1.027752538832775713e+02
5.885656667053237356e+01 1.023141926598391933e+02
5.893170279318906069e+01 1.018534678382972061e+02
5.900127980240316106e+01 1.013923542856749407e+02
5.907249982075526873e+01 1.009313556234436930e+02
5.914567091245871211e+01 1.004704933935517772e+02
5.918717778849133992e+01 1.000074169860052962e+02
5.916069747793079614e+01 9.953958645124735938e+01
5.906422638751018894e+01 9.906686168438835693e+01
5.898669387871876779e+01 9.878733487672003832e+01
5.891309981364858572e+01 9.859031503381710593e+01
5.872333062195468756e+01 9.811106622817568734e+01
5.858934799877903288e+01 9.780583766250582300e+01
5.849662363380340935e+01 9.762923448018777606e+01
5.823614494603395997e+01 9.714504118491166196e+01
5.817646772127676513e+01 9.704649268333270129e+01
5.791308058568577621e+01 9.665647147307876708e+01
5.775230582419763437e+01 9.644848238056333400e+01
5.751721978151874737e+01 9.616281133800880809e+01
5.732086636189555406e+01 9.595454610920860716e+01
5.704993557912897018e+01 9.566415679240296299e+01
5.688646639701130425e+01 9.550294699723393421e+01
5.656295919440114517e+01 9.516412523526599898e+01
5.645190292694002210e+01 9.505368611837005233e+01
5.609627830223229239e+01 9.466551287722049324e+01
5.601883233901173753e+01 9.458307603021856380e+01
5.566200631726320580e+01 9.416916677073406561e+01
5.558767861587850234e+01 9.408505349837354004e+01
5.524147022184416755e+01 9.367378117121306502e+01
5.515749220842195655e+01 9.357319770787144364e+01
5.484419521900119321e+01 9.318002214573823494e+01
5.472942553727389736e+01 9.303102827586961610e+01
5.446265807925126978e+01 9.268736361885630970e+01
5.430130082434448013e+01 9.248968888001226674e+01
5.404252949245687887e+01 9.219200651511428646e+01
5.386830390632073318e+01 9.201802526314277486e+01
5.353794761903540689e+01 9.169074386228025730e+01
5.343191618273635868e+01 9.159485242493714452e+01
5.302175096256905817e+01 9.118866902469649460e+01
5.299610531042344519e+01 9.116343022921880390e+01
5.256924985453474619e+01 9.069104821374958192e+01
5.256362061223501314e+01 9.068444152743444420e+01
5.217457554378592022e+01 9.019747104638175017e+01
5.213542726436935482e+01 9.014408365689372715e+01
5.181441137315346168e+01 8.970630706309196967e+01
5.171116215652764936e+01 8.954754933679419082e+01
5.147645603956721061e+01 8.921669607297380367e+01
5.128890397444007476e+01 8.892231464128245477e+01
5.114718699749859354e+01 8.872769248752908311e+01
5.086776976061175048e+01 8.828100645081211439e+01
5.083929803911131273e+01 8.824018394317528191e+01
5.054359820409617043e+01 8.775352774535929257e+01
5.045079140746888413e+01 8.758026668366990464e+01
5.027099948399308005e+01 8.726848693486142849e+01
5.003992635096231822e+01 8.679210270160336904e+01
5.003655665873615987e+01 8.678611424444700617e+01
4.978690302930057499e+01 8.630267791098928853e+01
4.963202653742969517e+01 8.596153376939655288e+01
4.955614407775422592e+01 8.582056282211904374e+01
4.932134511991614545e+01 8.533816522848860586e+01
4.922662932520913159e+01 8.509517597105242714e+01
4.912132891581180161e+01 8.485819988193738084e+01
4.896377480009054750e+01 8.438120377385523341e+01
4.885541328926946392e+01 8.390764754780497015e+01
4.884650724105128461e+01 8.386736700168765424e+01
4.873168366574552124e+01 8.343301667862779425e+01
4.860468034772814860e+01 8.295815689043142527e+01
4.847551232514463493e+01 8.250903344529378103e+01
4.846609493732613316e+01 8.248248720343896423e+01
4.826444300515571229e+01 8.200240747563886146e+01
4.807451038377601549e+01 8.157982034538798644e+01
4.804396313793516526e+01 8.152101117036522737e+01
4.777275702436320159e+01 8.103606774040238747e+01
4.766170424713040177e+01 8.081941510256768879e+01
4.751348879612012865e+01 8.055195908870193477e+01
4.728420906260645040e+01 8.006994743683289073e+01
4.725305407203225627e+01 7.999957684068135677e+01
4.704380184568223910e+01 7.958715767552399711e+01
4.684850925177578063e+01 7.912102926933887659e+01
4.684165566265753000e+01 7.910704338633736654e+01
4.660103568557906328e+01 7.862423874738918528e+01
4.644058145775485968e+01 7.829086047675697557e+01
4.636002080395169855e+01 7.814140649402486360e+01
4.610550664920698694e+01 7.765763027952790765e+01
4.602930760937597654e+01 7.750854249082516390e+01
4.584095183174319743e+01 7.717315195349719659e+01
4.561612074593401189e+01 7.675358189485442040e+01
4.557483323529339714e+01 7.668856427738739967e+01
4.527610453102303723e+01 7.620169628040059706e+01
4.519818439598003579e+01 7.606654212038267815e+01
4.497189374036416609e+01 7.571444493858983549e+01
4.477772565561679130e+01 7.541557420932321065e+01
4.463969182268571956e+01 7.522523626650388451e+01
4.435299622539720588e+01 7.482568000858485391e+01
4.428313334588867178e+01 7.473432441788887104e+01
4.392772784230440664e+01 7.424349319301487071e+01
4.354667769234048080e+01 7.375086871977612191e+01
4.350010782125360720e+01 7.369493636703845141e+01
4.314432697742505241e+01 7.325675476593772828e+01
4.307092744006061480e+01 7.316869373069609139e+01
4.274059841307007446e+01 7.276254446348069393e+01
4.264177328340781514e+01 7.264207606595648770e+01
4.230959595602543288e+01 7.226642698465856540e+01
4.220937243780373649e+01 7.216188821634870010e+01
4.183075025785507250e+01 7.176696398051147696e+01
4.177472534356490996e+01 7.171382321879592325e+01
4.133893366140050318e+01 7.128212659116803707e+01
4.132217946904444261e+01 7.126542239554117941e+01
4.090183528333193408e+01 7.086911658556478244e+01
4.079490889594011094e+01 7.076257319427119796e+01
4.046466242089233845e+01 7.045717175609304661e+01
4.025386827110672527e+01 7.025876109718350904e+01
4.002594434034890014e+01 7.006732457501823319e+01
3.967825459338865812e+01 6.975253141672843071e+01
3.958738941659446198e+01 6.967514414315628812e+01
3.914940135402034116e+01 6.927485721874082003e+01
3.912053844498959165e+01 6.924755325344030155e+01
3.871140590244606017e+01 6.887467596195061503e+01
3.857624791459942060e+01 6.874351390081790214e+01
3.827476111461747621e+01 6.845517931370821429e+01
3.804184426752534876e+01 6.824016590642585811e+01
3.783620521837779904e+01 6.806301278903309537e+01
3.741677839413027584e+01 6.773047819158348659e+01
3.739462549415830495e+01 6.771408901911503619e+01
3.694980015253153738e+01 6.741157974053535895e+01
3.668095427752813009e+01 6.721304550589718474e+01
3.650606233741186202e+01 6.709351810833273078e+01
3.606141469208877481e+01 6.678846765421911869e+01
3.592462986807774428e+01 6.669417930008809492e+01
3.561489564068213554e+01 6.651017955393713521e+01
3.516694790580575614e+01 6.625232257914250056e+01
3.501071693417270581e+01 6.616429343116499240e+01
3.471705229788486236e+01 6.602232148666804790e+01
3.426613503755825718e+01 6.580693070427761882e+01
3.390929143714660654e+01 6.562129540650349213e+01
3.381615971968874135e+01 6.557806951717573440e+01
3.336492539692663684e+01 6.536721293885821638e+01
3.291594616336371359e+01 6.512410708252390634e+01
3.284132275209651652e+01 6.508063691004127804e+01
3.246551218297744867e+01 6.490180507499830753e+01
3.201555896122353317e+01 6.467262789872140161e+01
3.178195859361944997e+01 6.454058010069057616e+01
3.156612830307220463e+01 6.443597771476598268e+01
3.111609520848469401e+01 6.420794277322545440e+01
3.079187124095444972e+01 6.400536759751196314e+01
3.066889084698857459e+01 6.393945506381537314e+01
3.022140734863491218e+01 6.367495919744515476e+01
2.993269797728208914e+01 6.347930949921507704e+01
2.977568974484593411e+01 6.338520986226100717e+01
2.932828437608205263e+01 6.311959669070245127e+01
2.906678929033593306e+01 6.295278041424157323e+01
2.888125289540221274e+01 6.284863667043673274e+01
2.843412258139895243e+01 6.257909003254438574e+01
2.820661509605319850e+01 6.242665232405813214e+01
2.798775095720819195e+01 6.229869362485085560e+01
2.754119095571991238e+01 6.202099113801971697e+01
2.737103457960049013e+01 6.190224399135931321e+01
2.709554019429636185e+01 6.173028591247566510e+01
2.665185245832546457e+01 6.141150811507998952e+01
2.661286337923129963e+01 6.138324864534894232e+01
2.620622899444104803e+01 6.112041251653894847e+01
2.584586509094485507e+01 6.086363604922177473e+01
2.576198057327664515e+01 6.080965289097025561e+01
2.531506112293901367e+01 6.053709076217018037e+01
2.502959515803570412e+01 6.034057804406692327e+01
2.486962701871135550e+01 6.024328719437537671e+01
2.442393542474827939e+01 5.995316590135152524e+01
2.424030762966731345e+01 5.981940683244017976e+01
2.397885951168724716e+01 5.965423996122667916e+01
2.353316878123175115e+01 5.936410631946922223e+01
2.343543816679500935e+01 5.929714602580965987e+01
2.308657526007320371e+01 5.908688318625554103e+01
2.265086426245365203e+01 5.877630442288383250e+01
2.264269533395180645e+01 5.877085383605971458e+01
2.219654823169864244e+01 5.848724661506954448e+01
2.185474463014205782e+01 5.825465546400946693e+01
2.175132198977757270e+01 5.819047047780075133e+01
2.130512149504784958e+01 5.790762680479852520e+01
2.106177991980411690e+01 5.773322711877065672e+01
2.086051686879240918e+01 5.760196114935575906e+01
2.041668784635850642e+01 5.728520384251396536e+01
2.032170957715923976e+01 5.721549750803438883e+01
1.997233067666720530e+01 5.697599939333441910e+01
1.956972276879304218e+01 5.669693461684059343e+01
1.952775293441181503e+01 5.666994927877941990e+01
1.907804400602649508e+01 5.643727854456950155e+01
1.862602302028628998e+01 5.623767177095820813e+01
1.842704935230552366e+01 5.615105225667185351e+01
1.817280763175115510e+01 5.605514575309338454e+01
1.771823066116645862e+01 5.589209126570047204e+01
1.726264623508572527e+01 5.574344406312479094e+01
1.680616828236251337e+01 5.560757488685471372e+01
1.667443032793278945e+01 5.556251834468475437e+01
1.634978817222832959e+01 5.547030649637324728e+01
1.589652327814071953e+01 5.528848844089212378e+01
1.547630143765960753e+01 5.501275816002936381e+01
1.545167897806048529e+01 5.498625028082837218e+01
1.515221753231104174e+01 5.452411715466497100e+01
1.518824858611808537e+01 5.406065784032749377e+01
1.545819918926876824e+01 5.361355577432687625e+01
1.555464340608976670e+01 5.351379035926841254e+01
1.586206835237107526e+01 5.317581820628374345e+01
1.605790478630667906e+01 5.298062535260591233e+01
1.629401205242073303e+01 5.274004380110613255e+01
1.655912533865490133e+01 5.247664554418102512e+01
1.674354192714167056e+01 5.230549914105755960e+01
1.705708219092499434e+01 5.201933882133559450e+01
1.721895968809826627e+01 5.187276473836141122e+01
1.755348322788192661e+01 5.158428129404057927e+01
1.771402119774316475e+01 5.144140396038564944e+01
1.804632767589841791e+01 5.120008535819521001e+01
1.835908117668079598e+01 5.102053209716393667e+01
1.853103076026417995e+01 5.093231634679343500e+01
1.900876508840840273e+01 5.076420519234019935e+01
1.948084507507648055e+01 5.067695488823892447e+01
1.974737651286346818e+01 5.065163231299806057e+01
1.995089261422094751e+01 5.061876993785705992e+01
2.041890911299361733e+01 5.058963021798619053e+01
2.088382369227125679e+01 5.060485001356882151e+01
2.134633194096955577e+01 5.065448193967018398e+01
2.180685219048097423e+01 5.073254357866117914e+01
2.220434441394819913e+01 5.082344024536845239e+01
2.226574025766870335e+01 5.083394651233388117e+01
2.272544211772242306e+01 5.092371166582793052e+01
2.318468722692783501e+01 5.102000866076578944e+01
2.364420679666366709e+01 5.111238068725785411e+01
2.410444821500593093e+01 5.119442979774122904e+01
2.456426675052918540e+01 5.128252641428505854e+01
2.502195996672010381e+01 5.140101651328954091e+01
2.531606378755793685e+01 5.150701171188901384e+01
2.547762712338406743e+01 5.154848061340504017e+01
2.593467784113676089e+01 5.167615886814494530e+01
2.639063349168020522e+01 5.181949731357322975e+01
2.684433063173777612e+01 5.199513396369696494e+01
2.704170577749221138e+01 5.209365920586213861e+01
2.729667540464495801e+01 5.219011036509516543e+01
2.774818575449262426e+01 5.239701957218405681e+01
2.815967177238431418e+01 5.263781385480736930e+01
2.819616450788528539e+01 5.265443296152980679e+01
2.864862400862574532e+01 5.284776867847364201e+01
2.909837611140103775e+01 5.307982199014175251e+01
2.926855231990511186e+01 5.318133318738284032e+01
2.954785059647785772e+01 5.331584541986259751e+01
2.999712800670316426e+01 5.355468715126252022e+01
3.027443679907966612e+01 5.371765033325614525e+01
3.044589283245738898e+01 5.380085918211173635e+01
3.089722356517526691e+01 5.401033703382786655e+01
3.134096454440843615e+01 5.425820806939746177e+01
3.134570655040252518e+01 5.426053957199087563e+01
3.179631276547920038e+01 5.448037850869113186e+01
3.224618760643799931e+01 5.471067658255973498e+01
3.241258765246487883e+01 5.479912210801001038e+01
3.269754681482213243e+01 5.491974721327673592e+01
3.315052306013829764e+01 5.510569313850344741e+01
3.360083344412046813e+01 5.532976265695459261e+01
3.363913618614937207e+01 5.535086958772572530e+01
3.405317144389931627e+01 5.552483591860038814e+01
3.450429176416010080e+01 5.573732280864191324e+01
3.479229957208507074e+01 5.589748547801536205e+01
3.495419125738187915e+01 5.596726833872538975e+01
3.540714365068076575e+01 5.615355536369077072e+01
3.585828502313432864e+01 5.636574119334939326e+01
3.601927654957117397e+01 5.644926291744022251e+01
3.631045761624372403e+01 5.656317988057177359e+01
3.676276781378119551e+01 5.675865073279281603e+01
3.718414210998156477e+01 5.699669710348367602e+01
3.721121650572447948e+01 5.700934368776470507e+01
3.766203916452946032e+01 5.722608733494308808e+01
3.810874122992780144e+01 5.750175821320925706e+01
3.815232483506227368e+01 5.753037788588852663e+01
3.855843978298869956e+01 5.773457732147087995e+01
3.900577353624659338e+01 5.800121464247952474e+01
3.909470101188627211e+01 5.806225409864651255e+01
3.945366056498703244e+01 5.825993975546379744e+01
3.989817166600421672e+01 5.856694288412551685e+01
3.992450290893479803e+01 5.858625835091295642e+01
4.034534145458874832e+01 5.883592500920527613e+01
4.072463971616477352e+01 5.910818821802237721e+01
4.078957035521307262e+01 5.914696379150275618e+01
4.123708676123713701e+01 5.941098905626130033e+01
4.154547835164672165e+01 5.963156569798286455e+01
4.168212594871235410e+01 5.971044019673185232e+01
4.212955850012097869e+01 5.997566463835989481e+01
4.238669968647162989e+01 6.015636847512720209e+01
4.257548833488414175e+01 6.026237892921334804e+01
4.302252172171432676e+01 6.053331169025881309e+01
4.322881728183499206e+01 6.068123392491366985e+01
4.346819145187625111e+01 6.082374565020632673e+01
4.391208933943316595e+01 6.113951813990739481e+01
4.399030193453936022e+01 6.120046097008236785e+01
4.435708533456075031e+01 6.143958695972598605e+01
4.471457537354058331e+01 6.171708595370825634e+01
4.479951210978765630e+01 6.177639733588469539e+01
4.524257013614497680e+01 6.210418040030295828e+01
4.539157518163177940e+01 6.223040524303561227e+01
4.568465713079955037e+01 6.244584986502715651e+01
4.603546922765630711e+01 6.274140955196467928e+01
4.612509381675285169e+01 6.281111984370862444e+01
4.656557489435752473e+01 6.317575499219909574e+01
4.664750442286839416e+01 6.325018607302425977e+01
4.700554308073165544e+01 6.354772482700371938e+01
4.722893949861116880e+01 6.375682282528425304e+01
4.744367596879997961e+01 6.394594065036113051e+01
4.777815117881399942e+01 6.426120629822415253e+01
4.788122665230348218e+01 6.435248238689307243e+01
4.831902851670183452e+01 6.475543206927778783e+01
4.833015150512702007e+01 6.476578477229615771e+01
4.875876755839780685e+01 6.513067882564941158e+01
4.890654262435523947e+01 6.527206881675751049e+01
4.919595995662093912e+01 6.554234428040078342e+01
4.942067529371315970e+01 6.577399932630288504e+01
4.963110218675943486e+01 6.598332850470048072e+01
4.990839585897184350e+01 6.627408292161189252e+01
5.006572891089369648e+01 6.643168480832042633e+01
5.040156009324942943e+01 6.677454717534065765e+01
5.050107201114443001e+01 6.686979645618420420e+01
5.091560208252202813e+01 6.727647134391675365e+01
5.093722354517070983e+01 6.729634696243331859e+01
5.137533349358204759e+01 6.769489083816949915e+01
5.146397834572010765e+01 6.778079639880886020e+01
5.181256522807161957e+01 6.810599375810261336e+01
5.198924526560503523e+01 6.828350549099697275e+01
5.224806116088745966e+01 6.854191979845964511e+01
5.247691820034077637e+01 6.878358575565535205e+01
5.268172727735358762e+01 6.900401343174500823e+01
5.293623073917109423e+01 6.928168286824259781e+01
5.311416852143727851e+01 6.948362355617898345e+01
5.337191116287414161e+01 6.977812746235952091e+01
5.354503533502830237e+01 6.998574908563247732e+01
5.378280171289034683e+01 7.027283857964104641e+01
5.397429641298660385e+01 7.051083770446601307e+01
5.418308962016430996e+01 7.076680828791741362e+01
5.440225504050994232e+01 7.105455223228621264e+01
5.456389364345639592e+01 7.125941555030266272e+01
5.482884231949358878e+01 7.161787795789450684e+01
5.493095890196218534e+01 7.175106210466637435e+01
5.525443180918185249e+01 7.219547273520990416e+01
5.528999956089987222e+01 7.224214752436515141e+01
5.566908368293900367e+01 7.273463451953891479e+01
5.568160320580187772e+01 7.275044518944505967e+01
5.607202641556540357e+01 7.322878987128845552e+01
5.611068546327527429e+01 7.327809106035370235e+01
5.647275869406982451e+01 7.372279065302829792e+01
5.653962293684301699e+01 7.380780743757588880e+01
5.686721684789625897e+01 7.421635270523167094e+01
5.696799024181342475e+01 7.434567760561876071e+01
5.724548571390158713e+01 7.470878269215008061e+01
5.739481436446058638e+01 7.490561630903997070e+01
5.762033846289241978e+01 7.520097380089644901e+01
5.782118835339079510e+01 7.547199222451810385e+01
5.799032229884983280e+01 7.569282444207675553e+01
5.824543345923555648e+01 7.606881258650042810e+01
5.832625593786411855e+01 7.618229406153876937e+01
5.863468380635163157e+01 7.666984029015780777e+01
5.866587755113016556e+01 7.671998998042138851e+01
5.894593058920995077e+01 7.715758363647192652e+01
5.908428813011826719e+01 7.740024796374657967e+01
5.923064069540572518e+01 7.764347135758745821e+01
5.948611185530072021e+01 7.812731449240359893e+01
5.949782882240975823e+01 7.815014857142820404e+01
5.976224584511990656e+01 7.861260251304207713e+01
5.990953890600715681e+01 7.892622810309075021e+01
6.000220421676877436e+01 7.909536088803180576e+01
6.023212660135573060e+01 7.957741747844158908e+01
6.031689594129906595e+01 7.976455912576929563e+01
6.047097191769665869e+01 8.006009802102211381e+01
6.068880737092044342e+01 8.054130941085549011e+01
6.072324581783263397e+01 8.061729318971862313e+01
6.093527475310375507e+01 8.102452294020081069e+01
6.113104019005902501e+01 8.144937000285567308e+01
6.116157437652987028e+01 8.150632620247218085e+01
6.140316761236115894e+01 8.198919889830214913e+01
6.153588038733445842e+01 8.232369348602999537e+01
6.160426897640076049e+01 8.246924012662810810e+01
6.179096701089127919e+01 8.294827417603731590e+01
6.192807015168662588e+01 8.337892658844307903e+01
6.194676648110851147e+01 8.342514758735326552e+01
6.212896581577976463e+01 8.390386705702621839e+01
6.227886326550586205e+01 8.438032775886520653e+01
6.231541188406572473e+01 8.450348977810490680e+01
6.244844214241857117e+01 8.485816472016183809e+01
6.259300077095448955e+01 8.533425209525545085e+01
6.269533378369305865e+01 8.573416151963012055e+01
6.272024314747423546e+01 8.580912860005075515e+01
6.287310701549887426e+01 8.628579673406424888e+01
6.300176220157229068e+01 8.676077203212753375e+01
6.307093950150749606e+01 8.702655753676511097e+01
6.314361801285971865e+01 8.723667040782768822e+01
6.328337911088831902e+01 8.771242230690772601e+01
6.340288335755764138e+01 8.818675770895218591e+01
6.344398287830273375e+01 8.835559673765126831e+01
6.354220123538712528e+01 8.866247861505671324e+01
6.367773954011144610e+01 8.913793522766347621e+01
6.378798679289178608e+01 8.961162331763711109e+01
6.381397666629553100e+01 8.972824709022184209e+01
6.392058866352712698e+01 9.008687459476955439e+01
6.403975707239257531e+01 9.056118651274707076e+01
6.414442684387987015e+01 9.103448458723519821e+01
6.417775218037502327e+01 9.118982290271871705e+01
6.426816186244258233e+01 9.150911583367023638e+01
6.439330295384124270e+01 9.198384540229604056e+01
6.450420979261599541e+01 9.245757961501546163e+01
6.454325264484049285e+01 9.262673077543684030e+01
6.463340220193310870e+01 9.293259247938748047e+01
6.475464706459450781e+01 9.340704959715908728e+01
6.486330321414041578e+01 9.388062642635605926e+01
6.490802277519287600e+01 9.407408291256201949e+01
6.499134590840216674e+01 9.435555889481960889e+01
6.512077426269337366e+01 9.483058825807145809e+01
6.523071948503880435e+01 9.530425522801967020e+01
6.527345324561727580e+01 9.551199174670131242e+01
6.534852142845210210e+01 9.577847159342448435e+01
6.545691310725129597e+01 9.625202992902528365e+01
6.554757984059858700e+01 9.672434881569876097e+01
6.562542994339534630e+01 9.714229849334932965e+01
6.563935013806823804e+01 9.719674487109308814e+01
6.575953461576693826e+01 9.767112783952482857e+01
6.586330998183544239e+01 9.814436337109343356e+01
6.595232766522235579e+01 9.861656694496045361e+01
6.597851634699534884e+01 9.875673570739462548e+01
6.606439927624424513e+01 9.909038260648975438e+01
6.617876169286256527e+01 9.956435845675119367e+01
6.627114735567943171e+01 1.000367975426824358e+02
6.632922547832743021e+01 1.004051694987452521e+02
6.635272512399708944e+01 1.005084808670075347e+02
6.644580336013848409e+01 1.009809683823833950e+02
6.652434711446011306e+01 1.014524395477823475e+02
6.659469259599657676e+01 1.019233374341019953e+02
6.665615871567280237e+01 1.023936144149546692e+02
6.673734215125782043e+01 1.028652701648489085e+02
6.680208490943783772e+01 1.033357762705860381e+02
6.685379383158266364e+01 1.038053709617218345e+02
6.688691844177199641e+01 1.042736661111704137e+02
6.690489136282715776e+01 1.047409017513022889e+02
