4.860163043478260647e+02 2.730910041426907355e+02
4.860106382978723332e+02 2.740910041426907355e+02
4.860106382978723332e+02 2.750910041426907355e+02
4.860618556701031139e+02 2.760910041426907355e+02
4.861549999999999727e+02 2.770910041426907355e+02
4.862303664921465725e+02 2.780910041426907355e+02
4.862659574468084998e+02 2.790910041426907355e+02
4.862473684210526130e+02 2.800910041426907355e+02
4.861837837837837810e+02 2.810910041426907355e+02
4.861420765027322659e+02 2.820910041426907355e+02
4.861092896174863540e+02 2.830910041426907355e+02
4.860680628272251056e+02 2.840910041426907355e+02
4.860357142857142776e+02 2.850910041426907355e+02
4.860355329949238694e+02 2.860910041426907355e+02
4.860301507537688508e+02 2.870910041426907355e+02
4.860157068062827079e+02 2.880910041426907355e+02
4.860053763440860166e+02 2.890910041426907355e+02
4.860000000000000000e+02 2.894243374760241068e+02
4.859937694704049704e+02 2.900910041426907355e+02
4.859774193548387302e+02 2.910910041426907355e+02
4.859269102990033389e+02 2.920910041426907355e+02
4.858896321070234308e+02 2.930910041426907355e+02
4.858732876712329016e+02 2.940910041426907355e+02
4.858623188405796895e+02 2.950910041426907355e+02
4.857918215613382813e+02 2.960910041426907355e+02
4.857356321839080238e+02 2.970910041426907355e+02
4.856716417910447490e+02 2.980910041426907355e+02
4.856240310077519098e+02 2.990910041426907355e+02
4.856008064516129252e+02 3.000910041426907355e+02
4.855749999999999886e+02 3.010910041426907355e+02
4.855196506550218487e+02 3.020910041426907355e+02
4.854618834080717420e+02 3.030910041426907355e+02
4.854325581395348763e+02 3.040910041426907355e+02
4.853864734299517067e+02 3.050910041426907355e+02
4.853199999999999932e+02 3.060910041426907355e+02
4.852656250000000000e+02 3.070910041426907355e+02
4.852284263959390955e+02 3.080910041426907355e+02
4.852121212121211897e+02 3.090910041426907355e+02
4.852052631578947626e+02 3.100910041426907355e+02
4.851833333333333371e+02 3.110910041426907355e+02
4.851040462427745865e+02 3.120910041426907355e+02
4.850000000000000000e+02 3.129091859608725485e+02
4.849833333333333485e+02 3.130910041426907355e+02
4.848526785714285552e+02 3.140910041426907355e+02
4.846857142857143117e+02 3.150910041426907355e+02
4.845175879396985010e+02 3.160910041426907355e+02
4.843730569948186258e+02 3.170910041426907355e+02
4.842698412698412653e+02 3.180910041426907355e+02
4.841436464088397997e+02 3.190910041426907355e+02
4.840000000000000000e+02 3.198338612855478686e+02
4.839610389610389802e+02 3.200910041426907355e+02
4.838063063063062827e+02 3.210910041426907355e+02
4.836729857819905192e+02 3.220910041426907355e+02
4.835050505050505194e+02 3.230910041426907355e+02
4.833149171270718512e+02 3.240910041426907355e+02
4.831352941176470495e+02 3.250910041426907355e+02
4.830000000000000000e+02 3.258329396265617106e+02
4.829620853080568850e+02 3.260910041426907355e+02
4.827692307692307736e+02 3.270910041426907355e+02
4.825621890547263888e+02 3.280910041426907355e+02
4.823315508021390201e+02 3.290910041426907355e+02
4.820479041916167944e+02 3.300910041426907355e+02
4.820000000000000000e+02 3.302478668877887458e+02
4.817932692307692264e+02 3.310910041426907355e+02
4.815156250000000000e+02 3.320910041426907355e+02
4.811802325581395507e+02 3.330910041426907355e+02
4.810000000000000000e+02 3.336164278715042997e+02
4.808613861386138524e+02 3.340910041426907355e+02
4.805430107526881898e+02 3.350910041426907355e+02
4.801265822784810098e+02 3.360910041426907355e+02
4.800000000000000000e+02 3.363319679981124182e+02
4.796594594594594696e+02 3.370910041426907355e+02
4.791257861635220365e+02 3.380910041426907355e+02
4.790000000000000000e+02 3.383132263649129641e+02
4.786256684491978604e+02 3.390910041426907355e+02
4.780064935064934843e+02 3.400910041426907355e+02
4.780000000000000000e+02 3.401021152538018555e+02
4.775109890109890216e+02 3.410910041426907355e+02
4.770000000000000000e+02 3.420699515111117535e+02
4.769900990099009732e+02 3.420910041426907355e+02
4.764303030303030368e+02 3.430910041426907355e+02
4.760000000000000000e+02 3.437484115500981261e+02
4.758052631578947285e+02 3.440910041426907355e+02
4.753312101910827892e+02 3.450910041426907355e+02
4.750000000000000000e+02 3.456624327141192907e+02
4.747821229050279612e+02 3.460910041426907355e+02
4.741946308724832306e+02 3.470910041426907355e+02
4.740000000000000000e+02 3.473962673005854640e+02
4.736432432432432620e+02 3.480910041426907355e+02
4.730551724137931160e+02 3.490910041426907355e+02
4.730000000000000000e+02 3.491798930315796383e+02
4.725060240963855449e+02 3.500910041426907355e+02
4.720000000000000000e+02 3.508546405063270868e+02
4.718631578947368439e+02 3.510910041426907355e+02
4.712628205128204968e+02 3.520910041426907355e+02
4.710000000000000000e+02 3.524741817127842296e+02
4.706413043478260647e+02 3.530910041426907355e+02
4.700000000000000000e+02 3.540275120791986865e+02
4.699601990049751521e+02 3.540910041426907355e+02
4.693544303797468160e+02 3.550910041426907355e+02
4.690000000000000000e+02 3.556000950517816364e+02
4.686949152542372872e+02 3.560910041426907355e+02
4.680000000000000000e+02 3.570750041426907728e+02
4.679897959183673493e+02 3.570910041426907355e+02
4.673701298701298583e+02 3.580910041426907355e+02
4.670000000000000000e+02 3.586338612855478800e+02
4.667272727272727479e+02 3.590910041426907355e+02
4.660538461538461661e+02 3.600910041426907355e+02
4.660000000000000000e+02 3.601603110733838093e+02
4.653517241379310576e+02 3.610910041426907355e+02
4.650000000000000000e+02 3.615195755712621803e+02
4.645828220858895747e+02 3.620910041426907355e+02
4.640000000000000000e+02 3.628761281096328730e+02
4.638531073446327468e+02 3.630910041426907355e+02
4.631230769230769511e+02 3.640910041426907355e+02
4.630000000000000000e+02 3.642463439485159711e+02
4.623916083916083721e+02 3.650910041426907355e+02
4.620000000000000000e+02 3.655779606644298383e+02
4.616118421052631788e+02 3.660910041426907355e+02
4.610000000000000000e+02 3.668232876072576687e+02
4.607926829268292863e+02 3.670910041426907355e+02
4.600000000000000000e+02 3.680539671056536690e+02
4.599707602339181562e+02 3.680910041426907355e+02
4.591475409836065751e+02 3.690910041426907355e+02
4.590000000000000000e+02 3.692765711530000203e+02
4.583969465648854680e+02 3.700910041426907355e+02
4.580000000000000000e+02 3.705594726111592081e+02
4.575785714285714221e+02 3.710910041426907355e+02
4.570000000000000000e+02 3.717716764115982642e+02
4.567710843373494072e+02 3.720910041426907355e+02
4.560000000000000000e+02 3.730607011123877328e+02
4.559794871794871938e+02 3.730910041426907355e+02
4.553741007194244617e+02 3.740910041426907355e+02
4.550000000000000000e+02 3.745724856241722591e+02
4.546564417177914379e+02 3.750910041426907355e+02
4.540000000000000000e+02 3.759077980358205195e+02
4.538781725888325127e+02 3.760910041426907355e+02
4.532357142857142662e+02 3.770910041426907355e+02
4.530000000000000000e+02 3.774145335544554314e+02
4.525632911392405049e+02 3.780910041426907355e+02
4.520000000000000000e+02 3.788265413327733881e+02
4.518241758241758248e+02 3.790910041426907355e+02
4.511911764705882320e+02 3.800910041426907355e+02
4.510000000000000000e+02 3.803563102651397116e+02
4.505102040816326507e+02 3.810910041426907355e+02
4.500000000000000000e+02 3.817212562435310588e+02
4.497365269461078015e+02 3.820910041426907355e+02
4.490000000000000000e+02 3.830021152538018328e+02
4.489399999999999977e+02 3.830910041426907355e+02
4.482071428571428555e+02 3.840910041426907355e+02
4.480000000000000000e+02 3.843306735641783689e+02
4.474491017964072057e+02 3.850910041426907355e+02
4.470000000000000000e+02 3.856507056352280642e+02
4.466943005181346962e+02 3.860910041426907355e+02
4.460000000000000000e+02 3.870025687685410958e+02
4.459386792452830264e+02 3.870910041426907355e+02
4.451478873239436780e+02 3.880910041426907355e+02
4.450000000000000000e+02 3.882477205606011808e+02
4.442466666666666697e+02 3.890910041426907355e+02
4.440000000000000000e+02 3.893479485871351926e+02
4.432721088435374099e+02 3.900910041426907355e+02
4.430000000000000000e+02 3.903490686588197605e+02
4.421221374045801440e+02 3.910910041426907355e+02
4.420000000000000000e+02 3.911949002465868261e+02
4.410000000000000000e+02 3.919711694319469188e+02
4.408379888268156606e+02 3.920910041426907355e+02
4.400000000000000000e+02 3.927431780557342336e+02
4.395092024539877116e+02 3.930910041426907355e+02
4.390000000000000000e+02 3.934958821914711962e+02
4.381643835616438309e+02 3.940910041426907355e+02
4.380000000000000000e+02 3.942258356033648852e+02
4.370000000000000000e+02 3.949707033908110247e+02
4.368181818181818130e+02 3.950910041426907355e+02
4.360000000000000000e+02 3.957143807660673929e+02
4.353829787234042783e+02 3.960910041426907355e+02
4.350000000000000000e+02 3.963752146690065388e+02
4.340144927536231876e+02 3.970910041426907355e+02
4.340000000000000000e+02 3.971036623705388138e+02
4.330000000000000000e+02 3.978835352630226794e+02
4.326794871794871824e+02 3.980910041426907355e+02
4.320000000000000000e+02 3.986183673267703398e+02
4.312910447761194064e+02 3.990910041426907355e+02
4.310000000000000000e+02 3.993190743181293101e+02
4.300000000000000000e+02 3.999711694319469188e+02
4.297986111111110858e+02 4.000910041426907355e+02
4.290000000000000000e+02 4.006438887580753772e+02
4.282439024390243958e+02 4.010910041426907355e+02
4.280000000000000000e+02 4.012644145473150274e+02
4.270000000000000000e+02 4.018773289290155049e+02
4.265762711864406924e+02 4.020910041426907355e+02
4.260000000000000000e+02 4.024507925024790893e+02
4.250000000000000000e+02 4.029816924018000464e+02
4.248000000000000114e+02 4.030910041426907355e+02
4.240000000000000000e+02 4.036420245508539892e+02
4.230833333333333144e+02 4.040910041426907355e+02
4.230000000000000000e+02 4.041443374760240772e+02
4.220000000000000000e+02 4.046891349838122096e+02
4.210000000000000000e+02 4.050910041426907355e+02
4.200000000000000000e+02 4.057075844535715987e+02
4.191777777777778056e+02 4.060910041426907355e+02
2.520000000000000000e+02 4.376835967352833450e+02
2.510000000000000000e+02 4.376271743554567024e+02
2.500000000000000000e+02 4.375557928750851033e+02
2.490000000000000000e+02 4.374604622707695398e+02
2.480000000000000000e+02 4.373275632824756940e+02
2.470000000000000000e+02 4.372021152538018214e+02
2.460000000000000000e+02 4.371173199321644347e+02
2.456666666666666572e+02 4.370910041426907355e+02
2.450000000000000000e+02 4.370670520468823383e+02
2.440000000000000000e+02 4.370102588010758495e+02
2.430000000000000000e+02 4.369308734237365002e+02
2.420000000000000000e+02 4.368487896098187662e+02
2.410000000000000000e+02 4.367689067644136003e+02
2.400000000000000000e+02 4.366442828312153210e+02
2.390000000000000000e+02 4.365503342862314184e+02
2.380000000000000000e+02 4.364154722277971246e+02
2.370000000000000000e+02 4.362524948259205644e+02
2.362121212121212182e+02 4.360910041426907355e+02
2.360000000000000000e+02 4.360712301313913031e+02
2.350000000000000000e+02 4.359768066118265324e+02
2.340000000000000000e+02 4.358804778269012559e+02
2.330000000000000000e+02 4.357344149954038812e+02
2.320000000000000000e+02 4.355559164233924889e+02
2.310000000000000000e+02 4.353202724353736812e+02
2.300208333333333428e+02 4.350910041426907355e+02
2.300000000000000000e+02 4.350883863416436270e+02
2.290000000000000000e+02 4.349864843686794416e+02
2.280000000000000000e+02 4.348649979507403032e+02
2.270000000000000000e+02 4.347211411289920875e+02
2.260000000000000000e+02 4.345778955284584981e+02
2.250000000000000000e+02 4.343846211639673243e+02
2.240000000000000000e+02 4.341420245508539892e+02
2.237872340425531945e+02 4.340910041426907355e+02
2.230000000000000000e+02 4.339864843686794416e+02
2.220000000000000000e+02 4.338121579888445467e+02
2.210000000000000000e+02 4.336395116053773222e+02
2.200000000000000000e+02 4.334329954846820669e+02
2.190000000000000000e+02 4.331597872114738266e+02
2.187796610169491487e+02 4.330910041426907355e+02
2.180000000000000000e+02 4.329572832124581510e+02
2.170000000000000000e+02 4.327810041426907333e+02
2.160000000000000000e+02 4.325753791426907355e+02
2.150000000000000000e+02 4.323238808550195245e+02
2.141639344262295026e+02 4.320910041426907355e+02
2.140000000000000000e+02 4.320635316152182099e+02
2.130000000000000000e+02 4.318813267233359170e+02
2.120000000000000000e+02 4.316361169246456484e+02
2.110000000000000000e+02 4.313260271841653548e+02
2.103544303797468444e+02 4.310910041426907355e+02
2.100000000000000000e+02 4.310112320629186797e+02
2.090000000000000000e+02 4.307675717994563911e+02
2.080000000000000000e+02 4.304737201920734719e+02
2.070792079207920722e+02 4.300910041426907355e+02
2.070000000000000000e+02 4.300696708093573761e+02
2.060000000000000000e+02 4.298160041426907583e+02
2.050000000000000000e+02 4.295391522908388993e+02
2.040000000000000000e+02 4.292479548153364703e+02
2.035205479452054931e+02 4.290910041426907355e+02
2.030000000000000000e+02 4.289917874325079765e+02
2.020000000000000000e+02 4.287840132612317348e+02
2.010000000000000000e+02 4.285435588872162498e+02
2.000000000000000000e+02 4.282062115159626501e+02
1.997222222222222285e+02 4.280910041426907355e+02
1.990000000000000000e+02 4.279063450517816136e+02
1.980000000000000000e+02 4.276445755712621803e+02
1.970000000000000000e+02 4.272814803331669395e+02
1.965744680851063890e+02 4.270910041426907355e+02
1.960000000000000000e+02 4.269321806132790016e+02
1.950000000000000000e+02 4.266245862322429616e+02
1.940000000000000000e+02 4.262021152538018214e+02
1.937444444444444400e+02 4.260910041426907355e+02
1.930000000000000000e+02 4.258879738396604466e+02
1.920000000000000000e+02 4.255966645200492167e+02
1.910000000000000000e+02 4.251965317808816849e+02
1.907899999999999920e+02 4.250910041426907355e+02
1.900000000000000000e+02 4.248369848500862531e+02
1.890000000000000000e+02 4.244557582410513987e+02
1.882192982456140271e+02 4.240910041426907355e+02
1.880000000000000000e+02 4.240195755712621803e+02
1.870000000000000000e+02 4.236951708093574211e+02
1.860000000000000000e+02 4.232685742361486518e+02
1.856545454545454561e+02 4.230910041426907355e+02
1.850000000000000000e+02 4.228594928886714115e+02
1.840000000000000000e+02 4.224731179638289404e+02
1.832033898305084847e+02 4.220910041426907355e+02
1.830000000000000000e+02 4.220216399808410301e+02
1.820000000000000000e+02 4.216645335544554314e+02
1.810000000000000000e+02 4.211479989613436032e+02
1.808921568627451109e+02 4.210910041426907355e+02
1.800000000000000000e+02 4.207739309719590324e+02
1.790000000000000000e+02 4.203207338724204760e+02
1.785526315789473699e+02 4.200910041426907355e+02
1.780000000000000000e+02 4.198884317954238554e+02
1.770000000000000000e+02 4.194585255102120982e+02
1.763484848484848442e+02 4.190910041426907355e+02
1.760000000000000000e+02 4.189524499258232595e+02
1.750000000000000000e+02 4.185764813211139881e+02
1.741068702290076260e+02 4.180910041426907355e+02
1.740000000000000000e+02 4.180489621006486800e+02
1.730000000000000000e+02 4.176657167863688755e+02
1.720000000000000000e+02 4.172089816707806449e+02
1.717980769230769340e+02 4.170910041426907355e+02
1.710000000000000000e+02 4.167705408222274173e+02
1.700000000000000000e+02 4.162611072354742419e+02
1.697105263157894797e+02 4.160910041426907355e+02
1.690000000000000000e+02 4.157876333561738988e+02
1.680000000000000000e+02 4.152653631170497306e+02
1.676991150442477760e+02 4.150910041426907355e+02
1.670000000000000000e+02 4.148005629662201272e+02
1.660000000000000000e+02 4.142699515111117989e+02
1.657094017094017033e+02 4.140910041426907355e+02
1.650000000000000000e+02 4.137902795050096074e+02
1.640000000000000000e+02 4.132899288738735208e+02
1.636636363636363569e+02 4.130910041426907355e+02
1.630000000000000000e+02 4.127954575839862628e+02
1.620000000000000000e+02 4.121819132335998574e+02
1.618684210526315894e+02 4.120910041426907355e+02
1.610000000000000000e+02 4.116852664377727251e+02
1.600333333333333314e+02 4.110910041426907355e+02
1.600000000000000000e+02 4.110759439017268733e+02
1.590000000000000000e+02 4.106537747054612737e+02
1.580647482014388459e+02 4.100910041426907355e+02
1.580000000000000000e+02 4.100626129754983253e+02
1.570000000000000000e+02 4.096364586881452965e+02
1.561176470588235361e+02 4.090910041426907355e+02
1.560000000000000000e+02 4.090350600867466824e+02
1.550000000000000000e+02 4.085365486971462019e+02
1.543076923076923208e+02 4.080910041426907355e+02
1.540000000000000000e+02 4.079450187412309106e+02
1.530000000000000000e+02 4.073736128383429218e+02
1.525968992248062079e+02 4.070910041426907355e+02
1.520000000000000000e+02 4.067890433583770005e+02
1.510000000000000000e+02 4.061278139586416387e+02
1.509469026548672446e+02 4.060910041426907355e+02
1.500000000000000000e+02 4.056196385039241932e+02
1.491999999999999886e+02 4.050910041426907355e+02
1.490000000000000000e+02 4.049849970755529398e+02
1.480000000000000000e+02 4.044243374760240499e+02
1.475038759689922472e+02 4.040910041426907355e+02
1.470000000000000000e+02 4.038299599659839032e+02
1.460000000000000000e+02 4.031794395168403753e+02
1.458925619834710687e+02 4.030910041426907355e+02
1.450000000000000000e+02 4.025399837345274818e+02
1.444210526315789593e+02 4.020910041426907355e+02
1.440000000000000000e+02 4.018591200847197342e+02
1.430000000000000000e+02 4.011868125259242674e+02
1.428720000000000141e+02 4.010910041426907355e+02
1.420000000000000000e+02 4.006022149050226062e+02
1.413006134969325274e+02 4.000910041426907355e+02
1.410000000000000000e+02 3.999128223245089089e+02
1.400000000000000000e+02 3.992654227473419155e+02
1.397619047619047592e+02 3.990910041426907355e+02
1.390000000000000000e+02 3.986424060118496300e+02
1.382976190476190368e+02 3.980910041426907355e+02
1.380000000000000000e+02 3.979001644480342748e+02
1.370000000000000000e+02 3.971611795812872288e+02
1.369076923076923151e+02 3.970910041426907355e+02
1.360000000000000000e+02 3.965344003691058106e+02
1.354371257485030071e+02 3.960910041426907355e+02
1.350000000000000000e+02 3.957990041426907055e+02
1.340327868852459119e+02 3.950910041426907355e+02
1.340000000000000000e+02 3.950699515111117535e+02
1.330000000000000000e+02 3.943693546581546343e+02
1.326447368421052602e+02 3.940910041426907355e+02
1.320000000000000000e+02 3.936775020329861263e+02
1.312191011235954932e+02 3.930910041426907355e+02
1.310000000000000000e+02 3.929386603926907355e+02
1.300000000000000000e+02 3.921819132335998574e+02
1.298717948717948616e+02 3.920910041426907355e+02
1.290000000000000000e+02 3.915569727290781543e+02
1.284294871794871824e+02 3.910910041426907355e+02
1.280000000000000000e+02 3.907808189575055167e+02
1.272319587628865918e+02 3.900910041426907355e+02
1.270000000000000000e+02 3.899172589689455890e+02
1.260000000000000000e+02 3.891944524185528280e+02
1.258604651162790731e+02 3.890910041426907355e+02
1.250000000000000000e+02 3.885468864956318953e+02
1.244150943396226410e+02 3.880910041426907355e+02
1.240000000000000000e+02 3.878193992044191418e+02
1.230829015544041454e+02 3.870910041426907355e+02
1.230000000000000000e+02 3.870342665540382541e+02
1.220000000000000000e+02 3.863067936163749323e+02
1.217405063291139271e+02 3.860910041426907355e+02
1.210000000000000000e+02 3.855202724353736699e+02
1.205217391304347814e+02 3.850910041426907355e+02
1.200000000000000000e+02 3.846643374760240590e+02
1.193517587939698501e+02 3.840910041426907355e+02
1.190000000000000000e+02 3.838005477111554455e+02
1.181933962264150892e+02 3.830910041426907355e+02
1.180000000000000000e+02 3.829270041426907483e+02
1.170952380952381020e+02 3.820910041426907355e+02
1.170000000000000000e+02 3.820000950517816136e+02
1.160909090909090935e+02 3.810910041426907355e+02
1.160000000000000000e+02 3.809957660474526620e+02
1.151572580645161281e+02 3.800910041426907355e+02
1.150000000000000000e+02 3.799199515111117762e+02
1.141923076923076934e+02 3.790910041426907355e+02
1.140000000000000000e+02 3.789035041426907355e+02
1.131594827586206833e+02 3.780910041426907355e+02
1.130000000000000000e+02 3.779453348513521860e+02
1.121285140562249012e+02 3.770910041426907355e+02
1.120000000000000000e+02 3.769565503611781310e+02
1.111889763779527556e+02 3.760910041426907355e+02
1.110000000000000000e+02 3.758718260604989609e+02
1.103267716535433038e+02 3.750910041426907355e+02
1.100000000000000000e+02 3.746273169918527515e+02
1.095534883720930281e+02 3.740910041426907355e+02
1.090000000000000000e+02 3.733653943865931524e+02
1.087580645161290391e+02 3.730910041426907355e+02
1.080000000000000000e+02 3.722759752409566545e+02
1.078106508875739706e+02 3.720910041426907355e+02
1.070000000000000000e+02 3.712898345520474663e+02
1.067976190476190510e+02 3.710910041426907355e+02
1.060000000000000000e+02 3.703208892001620143e+02
1.057740112994350312e+02 3.700910041426907355e+02
1.050000000000000000e+02 3.693737266557797057e+02
1.046966292134831491e+02 3.690910041426907355e+02
1.040000000000000000e+02 3.684314296746056243e+02
1.036540540540540576e+02 3.680910041426907355e+02
1.030000000000000000e+02 3.674439453191613438e+02
1.026580310880829074e+02 3.670910041426907355e+02
1.020000000000000000e+02 3.663213071729937838e+02
1.017945945945945994e+02 3.660910041426907355e+02
1.010576271186440636e+02 3.650910041426907355e+02
1.010000000000000000e+02 3.650137314154180217e+02
1.002339622641509465e+02 3.640910041426907355e+02
1.000000000000000000e+02 3.637465596982463012e+02
9.950627615062761322e+01 3.630910041426907355e+02
9.900000000000000000e+01 3.622949515111117762e+02
9.884653465346534063e+01 3.620910041426907355e+02
9.814625850340135571e+01 3.610910041426907355e+02
9.800000000000000000e+01 3.608693546581546343e+02
9.742585551330797955e+01 3.600910041426907355e+02
9.700000000000000000e+01 3.594038875782735545e+02
9.676279069767441854e+01 3.590910041426907355e+02
9.614012738853503492e+01 3.580910041426907355e+02
9.600000000000000000e+01 3.578438131314547945e+02
9.547859922178987802e+01 3.570910041426907355e+02
9.500000000000000000e+01 3.561865923779848799e+02
9.493367346938775597e+01 3.560910041426907355e+02
9.427062706270626791e+01 3.550910041426907355e+02
9.400000000000000000e+01 3.545816873725044047e+02
9.365800865800865438e+01 3.540910041426907355e+02
9.311620795107033643e+01 3.530910041426907355e+02
9.300000000000000000e+01 3.528763148771540159e+02
9.246743295019156506e+01 3.520910041426907355e+02
9.200000000000000000e+01 3.511378791426907355e+02
9.196954314720812818e+01 3.510910041426907355e+02
9.134275618374557837e+01 3.500910041426907355e+02
9.100000000000000000e+01 3.494528462479538575e+02
9.073684210526316463e+01 3.490910041426907355e+02
9.014617940199335067e+01 3.480910041426907355e+02
9.000000000000000000e+01 3.478125231300325026e+02
8.952100840336134979e+01 3.470910041426907355e+02
8.900000000000000000e+01 3.461516102032967979e+02
8.895580110497238024e+01 3.460910041426907355e+02
8.831060606060606233e+01 3.450910041426907355e+02
8.800000000000000000e+01 3.444835967352832995e+02
8.773631840796019787e+01 3.440910041426907355e+02
8.712099644128113596e+01 3.430910041426907355e+02
8.700000000000000000e+01 3.428836870695199650e+02
8.640366972477063712e+01 3.420910041426907355e+02
8.600000000000000000e+01 3.413452414308263201e+02
8.583333333333332860e+01 3.410910041426907355e+02
8.522834645669291831e+01 3.400910041426907355e+02
8.500000000000000000e+01 3.396036091847075795e+02
8.469950738916256228e+01 3.390910041426907355e+02
8.429699248120300581e+01 3.380910041426907355e+02
8.400000000000000000e+01 3.372930243447109433e+02
8.389690721649483862e+01 3.370910041426907355e+02
8.344313725490195566e+01 3.360910041426907355e+02
8.311290322580644840e+01 3.350910041426907355e+02
8.300000000000000000e+01 3.346977457157244089e+02
8.274407582938388828e+01 3.340910041426907355e+02
8.238518518518517908e+01 3.330910041426907355e+02
8.211041009463721707e+01 3.320910041426907355e+02
8.200000000000000000e+01 3.316977457157244089e+02
8.175675675675675791e+01 3.310910041426907355e+02
8.134444444444444855e+01 3.300910041426907355e+02
8.100000000000000000e+01 3.291120567742697176e+02
8.098907103825136744e+01 3.290910041426907355e+02
8.054625550660793465e+01 3.280910041426907355e+02
8.022014925373134986e+01 3.270910041426907355e+02
8.000000000000000000e+01 3.262827849646085383e+02
7.992307692307691980e+01 3.260910041426907355e+02
7.954377880184331673e+01 3.250910041426907355e+02
7.920689655172414234e+01 3.240910041426907355e+02
7.900000000000000000e+01 3.235040476209516100e+02
7.879894179894179729e+01 3.230910041426907355e+02
7.840611353711790343e+01 3.220910041426907355e+02
7.809999999999999432e+01 3.210910041426907355e+02
7.800000000000000000e+01 3.207943008459874363e+02
7.768780487804878021e+01 3.200910041426907355e+02
7.729032258064516725e+01 3.190910041426907355e+02
7.700343642611683492e+01 3.180910041426907355e+02
7.700000000000000000e+01 3.180789559499196457e+02
7.661502347417840042e+01 3.170910041426907355e+02
7.625498007968127467e+01 3.160910041426907355e+02
7.600000000000000000e+01 3.152598353115218970e+02
7.592528735632184578e+01 3.150910041426907355e+02
7.555924170616113145e+01 3.140910041426907355e+02
7.528455284552845228e+01 3.130910041426907355e+02
7.505454545454544757e+01 3.120910041426907355e+02
7.500000000000000000e+01 3.119011307249692209e+02
7.470370370370370949e+01 3.110910041426907355e+02
7.435271317829457871e+01 3.100910041426907355e+02
7.402826855123674932e+01 3.090910041426907355e+02
7.400000000000000000e+01 3.090085299158865837e+02
7.359728506787330105e+01 3.080910041426907355e+02
7.333207547169811846e+01 3.070910041426907355e+02
7.313194444444444287e+01 3.060910041426907355e+02
7.300000000000000000e+01 3.054781009168842729e+02
7.287999999999999545e+01 3.050910041426907355e+02
7.256944444444444287e+01 3.040910041426907355e+02
7.236734693877551194e+01 3.030910041426907355e+02
7.214285714285713880e+01 3.020910041426907355e+02
7.200000000000000000e+01 3.014418813356732016e+02
7.189247311827956821e+01 3.010910041426907355e+02
7.160189573459715007e+01 3.000910041426907355e+02
7.129918032786885362e+01 2.990910041426907355e+02
7.105985915492958327e+01 2.980910041426907355e+02
7.100000000000000000e+01 2.978481469998336024e+02
7.074146341463413989e+01 2.970910041426907355e+02
7.043200000000000216e+01 2.960910041426907355e+02
7.018707482993197289e+01 2.950910041426907355e+02
7.000000000000000000e+01 2.943477608994475077e+02
6.990731707317073074e+01 2.940910041426907355e+02
6.958024691358025393e+01 2.930910041426907355e+02
6.933455882352940591e+01 2.920910041426907355e+02
6.912131147540983989e+01 2.910910041426907355e+02
6.900000000000000000e+01 2.901422861939727795e+02
6.898979591836734926e+01 2.900910041426907355e+02
6.884304932735426519e+01 2.890910041426907355e+02
6.868979591836735210e+01 2.880910041426907355e+02
6.854724409448819245e+01 2.870910041426907355e+02
6.844569288389513417e+01 2.860910041426907355e+02
6.839416058394161269e+01 2.850910041426907355e+02
6.830716723549488734e+01 2.840910041426907355e+02
6.816013071895424957e+01 2.830910041426907355e+02
6.808124999999999716e+01 2.820910041426907355e+02
6.805167173252279156e+01 2.810910041426907355e+02
6.805847953216374435e+01 2.800910041426907355e+02
6.809686609686609415e+01 2.790910041426907355e+02
6.815697674418605345e+01 2.780910041426907355e+02
6.822891566265060703e+01 2.770910041426907355e+02
6.828971962616822111e+01 2.760910041426907355e+02
6.829206349206349103e+01 2.750910041426907355e+02
6.824605678233437800e+01 2.740910041426907355e+02
6.817295597484276470e+01 2.730910041426907355e+02
6.810759493670886400e+01 2.720910041426907355e+02
6.806430868167203130e+01 2.710910041426907355e+02
6.804458598726114360e+01 2.700910041426907355e+02
6.800000000000000000e+01 2.693132263649129641e+02
6.797860962566845444e+01 2.690910041426907355e+02
6.787500000000000000e+01 2.680910041426907355e+02
6.780476190476190368e+01 2.670910041426907355e+02
6.775000000000000000e+01 2.660910041426907355e+02
6.768965517241379359e+01 2.650910041426907355e+02
6.763265306122448806e+01 2.640910041426907355e+02
6.757874015748031127e+01 2.630910041426907355e+02
6.760323886639676516e+01 2.620910041426907355e+02
6.772197309417040856e+01 2.610910041426907355e+02
6.788669950738916725e+01 2.600910041426907355e+02
6.800000000000000000e+01 2.596570418785397578e+02
6.808771929824561653e+01 2.590910041426907355e+02
6.826031746031746650e+01 2.580910041426907355e+02
6.842857142857143060e+01 2.570910041426907355e+02
6.864757709251101403e+01 2.560910041426907355e+02
6.892146596858638929e+01 2.550910041426907355e+02
6.900000000000000000e+01 2.548182768699634835e+02
6.911235955056179137e+01 2.540910041426907355e+02
6.928064516129032313e+01 2.530910041426907355e+02
6.944604316546762846e+01 2.520910041426907355e+02
6.958299595141700422e+01 2.510910041426907355e+02
6.975446428571429180e+01 2.500910041426907355e+02
6.990566037735848681e+01 2.490910041426907355e+02
7.000000000000000000e+01 2.484013489702769562e+02
7.002727272727273089e+01 2.480910041426907355e+02
7.009302325581394655e+01 2.470910041426907355e+02
7.021146953405018110e+01 2.460910041426907355e+02
7.040983606557377072e+01 2.450910041426907355e+02
7.063809523809523228e+01 2.440910041426907355e+02
7.086842105263157521e+01 2.430910041426907355e+02
7.100000000000000000e+01 2.420910041426907355e+02
7.109477124183005969e+01 2.410910041426907355e+02
7.125429553264605431e+01 2.400910041426907355e+02
7.143866171003718080e+01 2.390910041426907355e+02
7.162916666666666288e+01 2.380910041426907355e+02
7.184057971014492239e+01 2.370910041426907355e+02
7.200000000000000000e+01 2.363235622822256232e+02
7.202958579881656931e+01 2.360910041426907355e+02
7.220578778135048026e+01 2.350910041426907355e+02
7.245519713261649031e+01 2.340910041426907355e+02
7.273451327433627966e+01 2.330910041426907355e+02
7.300000000000000000e+01 2.322338612855479028e+02
7.302754820936638680e+01 2.320910041426907355e+02
7.322935779816513957e+01 2.310910041426907355e+02
7.341218637992831475e+01 2.300910041426907355e+02
7.362672811059907474e+01 2.290910041426907355e+02
7.393714285714285950e+01 2.280910041426907355e+02
7.400000000000000000e+01 2.279268250382131100e+02
7.418604651162790731e+01 2.270910041426907355e+02
7.447035573122529684e+01 2.260910041426907355e+02
7.480099502487561836e+01 2.250910041426907355e+02
7.500000000000000000e+01 2.246031992646419440e+02
7.513003095975231815e+01 2.240910041426907355e+02
7.538867924528301501e+01 2.230910041426907355e+02
7.565909090909090651e+01 2.220910041426907355e+02
7.598888888888889426e+01 2.210910041426907355e+02
7.600000000000000000e+01 2.210565213840700380e+02
7.619444444444444287e+01 2.200910041426907355e+02
7.643589743589743080e+01 2.190910041426907355e+02
7.682222222222222285e+01 2.180910041426907355e+02
7.700000000000000000e+01 2.177393557910423851e+02
7.720415224913494967e+01 2.170910041426907355e+02
7.755128205128205821e+01 2.160910041426907355e+02
7.800000000000000000e+01 2.152086512015142716e+02
7.804620462046204921e+01 2.150910041426907355e+02
7.844223107569720810e+01 2.140910041426907355e+02
7.900000000000000000e+01 2.131386231903097723e+02
7.902173913043478137e+01 2.130910041426907355e+02
7.948461538461538112e+01 2.120910041426907355e+02
8.000000000000000000e+01 2.112739309719590324e+02
8.009146341463414842e+01 2.110910041426907355e+02
8.052191235059760288e+01 2.100910041426907355e+02
8.100000000000000000e+01 2.092690863344715808e+02
8.108524590163933965e+01 2.090910041426907355e+02
8.159148936170213062e+01 2.080910041426907355e+02
8.200000000000000000e+01 2.074635531622985809e+02
8.219063545150501682e+01 2.070910041426907355e+02
8.271770334928230284e+01 2.060910041426907355e+02
8.300000000000000000e+01 2.057127990144855971e+02
8.335925925925926094e+01 2.050910041426907355e+02
8.400000000000000000e+01 2.041507867513863630e+02
8.403313253012048278e+01 2.040910041426907355e+02
8.450194552529183056e+01 2.030910041426907355e+02
8.500000000000000000e+01 2.022859726961498268e+02
8.509779179810725225e+01 2.020910041426907355e+02
8.559999999999999432e+01 2.010910041426907355e+02
8.600000000000000000e+01 2.004936015452881293e+02
8.621678321678321311e+01 2.000910041426907355e+02
8.677611940298507420e+01 1.990910041426907355e+02
8.700000000000000000e+01 1.987448502965368675e+02
8.734000000000000341e+01 1.980910041426907355e+02
8.800000000000000000e+01 1.971029801905949057e+02
8.800655737704917669e+01 1.970910041426907355e+02
8.857077625570775581e+01 1.960910041426907355e+02
8.900000000000000000e+01 1.954922780280410279e+02
8.922909090909091390e+01 1.950910041426907355e+02
8.989887640449438777e+01 1.940910041426907355e+02
9.000000000000000000e+01 1.939470041426907301e+02
9.052450980392157476e+01 1.930910041426907355e+02
9.100000000000000000e+01 1.924443374760240886e+02
9.123144104803493804e+01 1.920910041426907355e+02
9.200000000000000000e+01 1.911646883532170591e+02
9.205343511450381300e+01 1.910910041426907355e+02
9.279999999999999716e+01 1.900910041426907355e+02
9.300000000000000000e+01 1.898496248323459099e+02
9.356701030927834495e+01 1.890910041426907355e+02
9.400000000000000000e+01 1.885788090207395271e+02
9.438095238095237960e+01 1.880910041426907355e+02
9.500000000000000000e+01 1.873806216290295197e+02
9.522746781115880310e+01 1.870910041426907355e+02
9.600000000000000000e+01 1.862214389252994238e+02
9.611249999999999716e+01 1.860910041426907355e+02
9.700000000000000000e+01 1.851443374760240772e+02
9.705020920502091997e+01 1.850910041426907355e+02
9.798734177215189334e+01 1.840910041426907355e+02
9.800000000000000000e+01 1.840775813238988121e+02
9.893630573248407245e+01 1.830910041426907355e+02
9.900000000000000000e+01 1.830243374760240727e+02
9.984848484848484418e+01 1.820910041426907355e+02
1.000000000000000000e+02 1.819317684739009451e+02
1.008354430379746844e+02 1.810910041426907355e+02
1.010000000000000000e+02 1.809334283851149507e+02
1.018128654970760181e+02 1.800910041426907355e+02
1.020000000000000000e+02 1.798858759375625027e+02
1.026358974358974336e+02 1.790910041426907355e+02
1.030000000000000000e+02 1.786580773134224387e+02
1.034673366834170878e+02 1.780910041426907355e+02
1.040000000000000000e+02 1.774711211017550454e+02
1.043217821782178163e+02 1.770910041426907355e+02
1.050000000000000000e+02 1.763081469998335820e+02
1.051800947867298532e+02 1.760910041426907355e+02
1.060000000000000000e+02 1.751852449803870968e+02
1.060849056603773590e+02 1.750910041426907355e+02
1.070000000000000000e+02 1.741400237505338850e+02
1.070483091787439633e+02 1.740910041426907355e+02
1.080000000000000000e+02 1.731529089045955061e+02
1.080634146341463406e+02 1.730910041426907355e+02
1.090000000000000000e+02 1.721767184284050245e+02
1.090865384615384670e+02 1.720910041426907355e+02
1.100000000000000000e+02 1.712389862054710079e+02
1.101601941747572795e+02 1.710910041426907355e+02
1.110000000000000000e+02 1.702974261610393683e+02
1.112295918367346985e+02 1.700910041426907355e+02
1.120000000000000000e+02 1.694015064257957306e+02
1.123863636363636402e+02 1.690910041426907355e+02
1.130000000000000000e+02 1.685667322980305585e+02
1.136447368421052602e+02 1.680910041426907355e+02
1.140000000000000000e+02 1.677959221754776422e+02
1.149847328244274820e+02 1.670910041426907355e+02
1.150000000000000000e+02 1.670787342040404155e+02
1.160000000000000000e+02 1.662562933988890563e+02
1.162339181286549774e+02 1.660910041426907355e+02
1.170000000000000000e+02 1.654550818125936757e+02
1.174601226993865026e+02 1.650910041426907355e+02
1.180000000000000000e+02 1.646373958952680709e+02
1.186794871794871824e+02 1.640910041426907355e+02
1.190000000000000000e+02 1.638332721839278747e+02
1.200000000000000000e+02 1.631670497700671376e+02
1.200990099009900973e+02 1.630910041426907355e+02
1.210000000000000000e+02 1.623659045410971089e+02
1.214082840236686422e+02 1.620910041426907355e+02
1.220000000000000000e+02 1.616385154549079175e+02
1.229453125000000000e+02 1.610910041426907355e+02
1.230000000000000000e+02 1.610510041426907151e+02
1.240000000000000000e+02 1.602537025553891681e+02
1.242770270270270316e+02 1.600910041426907355e+02
1.250000000000000000e+02 1.595979165850870345e+02
1.258396946564885468e+02 1.590910041426907355e+02
1.260000000000000000e+02 1.589768737079081120e+02
1.270000000000000000e+02 1.584004381049549011e+02
1.275000000000000000e+02 1.580910041426907355e+02
1.280000000000000000e+02 1.576870632559912337e+02
1.290000000000000000e+02 1.571655804138771941e+02
1.291242937853107264e+02 1.570910041426907355e+02
1.300000000000000000e+02 1.564424685778371895e+02
1.307368421052631504e+02 1.560910041426907355e+02
1.310000000000000000e+02 1.559270697164612329e+02
1.320000000000000000e+02 1.552688697553389829e+02
1.323543307086614220e+02 1.550910041426907355e+02
1.330000000000000000e+02 1.546810041426907105e+02
1.340000000000000000e+02 1.541953206894533537e+02
1.341999999999999886e+02 1.540910041426907355e+02
1.350000000000000000e+02 1.535684816201681997e+02
1.360000000000000000e+02 1.531101124229455195e+02
1.360374999999999943e+02 1.530910041426907355e+02
1.370000000000000000e+02 1.524750041426907501e+02
1.377741935483871032e+02 1.520910041426907355e+02
1.380000000000000000e+02 1.519345795616851547e+02
1.390000000000000000e+02 1.513520335544554314e+02
1.395503875968992133e+02 1.510910041426907355e+02
1.400000000000000000e+02 1.508052898569764579e+02
1.410000000000000000e+02 1.502203747720613478e+02
1.412824427480915972e+02 1.500910041426907355e+02
1.420000000000000000e+02 1.496617803983984913e+02
1.430000000000000000e+02 1.492057582410513987e+02
1.432397260273972677e+02 1.490910041426907355e+02
1.440000000000000000e+02 1.486083954470385606e+02
1.450000000000000000e+02 1.481804610117003449e+02
1.451958041958041861e+02 1.480910041426907355e+02
1.460000000000000000e+02 1.476016424405630687e+02
1.470000000000000000e+02 1.472021152538018214e+02
1.472620689655172441e+02 1.470910041426907355e+02
1.480000000000000000e+02 1.466356849937545803e+02
1.490000000000000000e+02 1.461838833996566791e+02
1.492097902097902136e+02 1.460910041426907355e+02
1.500000000000000000e+02 1.456162142267243667e+02
1.510000000000000000e+02 1.451576708093573984e+02
1.511680000000000064e+02 1.450910041426907355e+02
1.520000000000000000e+02 1.446503261765890329e+02
1.530000000000000000e+02 1.442769015785881948e+02
1.535225225225225358e+02 1.440910041426907355e+02
1.540000000000000000e+02 1.438337225892926767e+02
1.550000000000000000e+02 1.433497454014320169e+02
1.557047619047619094e+02 1.430910041426907355e+02
1.560000000000000000e+02 1.429225258818211728e+02
1.570000000000000000e+02 1.424636978696279925e+02
1.580000000000000000e+02 1.421145335544554200e+02
1.580650406504065018e+02 1.420910041426907355e+02
1.590000000000000000e+02 1.416177531138841346e+02
1.600000000000000000e+02 1.412753791426907242e+02
1.606210526315789480e+02 1.410910041426907355e+02
1.610000000000000000e+02 1.409044756452814227e+02
1.620000000000000000e+02 1.404039537829785331e+02
1.629157894736842138e+02 1.400910041426907355e+02
1.630000000000000000e+02 1.400479933900025458e+02
1.640000000000000000e+02 1.395666138987883187e+02
1.650000000000000000e+02 1.392077233855929421e+02
1.653523809523809405e+02 1.390910041426907355e+02
1.660000000000000000e+02 1.387702494257096077e+02
1.670000000000000000e+02 1.383777174294040151e+02
1.679318181818181870e+02 1.380910041426907355e+02
1.680000000000000000e+02 1.380571058376060023e+02
1.690000000000000000e+02 1.375747439800891243e+02
1.700000000000000000e+02 1.372475536634574951e+02
1.705505617977528061e+02 1.370910041426907355e+02
1.710000000000000000e+02 1.368899991175650825e+02
1.720000000000000000e+02 1.364831610054358180e+02
1.730000000000000000e+02 1.362187299993885290e+02
1.735000000000000000e+02 1.360910041426907355e+02
1.740000000000000000e+02 1.358860041426907515e+02
1.750000000000000000e+02 1.355174192370303672e+02
1.760000000000000000e+02 1.352261392778258937e+02
1.764945054945054892e+02 1.350910041426907355e+02
1.770000000000000000e+02 1.348655139466122819e+02
1.780000000000000000e+02 1.344776212430624582e+02
1.790000000000000000e+02 1.341876808798508591e+02
1.793440860215053760e+02 1.340910041426907355e+02
1.800000000000000000e+02 1.337905115318532694e+02
1.810000000000000000e+02 1.334370117472534503e+02
1.820000000000000000e+02 1.331819132335998006e+02
1.823333333333333428e+02 1.330910041426907355e+02
1.830000000000000000e+02 1.328011490702269839e+02
1.840000000000000000e+02 1.324721362181624613e+02
1.850000000000000000e+02 1.321733212158614492e+02
1.853139534883721069e+02 1.320910041426907355e+02
1.860000000000000000e+02 1.317989249347699570e+02
1.870000000000000000e+02 1.314794656811522486e+02
1.880000000000000000e+02 1.312279468178499542e+02
1.885810810810810949e+02 1.310910041426907355e+02
1.890000000000000000e+02 1.309278462479538803e+02
1.900000000000000000e+02 1.305705123394120619e+02
1.910000000000000000e+02 1.303173554940420900e+02
1.919571428571428555e+02 1.300910041426907355e+02
1.920000000000000000e+02 1.300740549901483405e+02
1.930000000000000000e+02 1.296883492754341205e+02
1.940000000000000000e+02 1.294278462479538803e+02
1.950000000000000000e+02 1.291991122507988621e+02
1.954556962025316409e+02 1.290910041426907355e+02
1.960000000000000000e+02 1.288760041426907605e+02
1.970000000000000000e+02 1.285748751104326857e+02
1.980000000000000000e+02 1.283354485871352040e+02
1.990000000000000000e+02 1.281022717483245401e+02
1.990506329113923982e+02 1.280910041426907355e+02
2.000000000000000000e+02 1.277469674454430333e+02
2.010000000000000000e+02 1.274798930315796497e+02
2.020000000000000000e+02 1.272856149211338561e+02
2.030000000000000000e+02 1.271090453798041153e+02
2.030864197530864317e+02 1.270910041426907355e+02
2.040000000000000000e+02 1.267621152538018237e+02
2.050000000000000000e+02 1.264501590722682067e+02
2.060000000000000000e+02 1.262433029932654449e+02
2.068281250000000000e+02 1.260910041426907355e+02
2.070000000000000000e+02 1.260354485871351926e+02
2.080000000000000000e+02 1.257129553622029334e+02
2.090000000000000000e+02 1.254727608994475077e+02
2.100000000000000000e+02 1.252881469998336001e+02
2.110000000000000000e+02 1.251035041426907242e+02
2.110568181818181870e+02 1.250910041426907355e+02
2.120000000000000000e+02 1.247422646468924086e+02
2.130000000000000000e+02 1.244952594618396802e+02
2.140000000000000000e+02 1.242873231610956282e+02
2.150000000000000000e+02 1.241259503792499004e+02
2.152096774193548470e+02 1.240910041426907355e+02
2.160000000000000000e+02 1.238542891668453194e+02
2.170000000000000000e+02 1.236171085603614301e+02
2.180000000000000000e+02 1.234209010499072292e+02
2.190000000000000000e+02 1.232403943865931524e+02
2.200000000000000000e+02 1.231043731266479426e+02
2.200909090909090935e+02 1.230910041426907355e+02
2.210000000000000000e+02 1.228573592828776668e+02
2.220000000000000000e+02 1.226270041426907369e+02
2.230000000000000000e+02 1.224466379455076321e+02
2.240000000000000000e+02 1.222873787650472082e+02
2.250000000000000000e+02 1.221326708093574211e+02
2.252539682539682531e+02 1.220910041426907355e+02
2.260000000000000000e+02 1.218639510025940922e+02
2.270000000000000000e+02 1.216441956320524582e+02
2.280000000000000000e+02 1.214417504113474706e+02
2.290000000000000000e+02 1.213039073684971640e+02
2.300000000000000000e+02 1.211843776366666248e+02
2.308157894736842195e+02 1.210910041426907355e+02
2.310000000000000000e+02 1.210452525087038111e+02
2.320000000000000000e+02 1.207995755712621531e+02
2.330000000000000000e+02 1.206265491663874059e+02
2.340000000000000000e+02 1.204794338947568235e+02
2.350000000000000000e+02 1.203116447120857515e+02
2.360000000000000000e+02 1.201862422379288091e+02
2.368333333333333428e+02 1.200910041426907355e+02
2.370000000000000000e+02 1.200527875821811676e+02
2.380000000000000000e+02 1.198187819204684956e+02
2.390000000000000000e+02 1.196538182130424843e+02
2.400000000000000000e+02 1.194856229767714808e+02
2.410000000000000000e+02 1.193517045317958036e+02
2.420000000000000000e+02 1.192453901076030434e+02
2.430000000000000000e+02 1.191520973902791525e+02
2.439047619047618980e+02 1.190910041426907355e+02
2.440000000000000000e+02 1.190775813238988121e+02
2.450000000000000000e+02 1.190369500886366723e+02
2.460000000000000000e+02 1.189537492407299624e+02
2.470000000000000000e+02 1.188771676647033360e+02
2.480000000000000000e+02 1.188379177229376751e+02
2.490000000000000000e+02 1.187781549806795738e+02
2.500000000000000000e+02 1.186869637386503200e+02
2.510000000000000000e+02 1.185329684284050131e+02
2.520000000000000000e+02 1.183890433583770232e+02
2.530000000000000000e+02 1.182622370194030736e+02
2.540000000000000000e+02 1.181501941738433743e+02
2.546551724137931103e+02 1.180910041426907355e+02
2.550000000000000000e+02 1.180225109920057776e+02
2.560000000000000000e+02 1.178728223245089453e+02
2.570000000000000000e+02 1.177139549623628909e+02
2.580000000000000000e+02 1.176031992646419440e+02
2.590000000000000000e+02 1.175164427391819686e+02
2.600000000000000000e+02 1.173818407960771992e+02
2.610000000000000000e+02 1.172702156122247743e+02
2.620000000000000000e+02 1.172060201171316294e+02
2.630000000000000000e+02 1.171329203103554164e+02
2.635000000000000000e+02 1.170910041426907355e+02
2.640000000000000000e+02 1.169970444111471011e+02
2.650000000000000000e+02 1.168454951606548207e+02
2.660000000000000000e+02 1.167067936163749664e+02
2.670000000000000000e+02 1.166355585981362992e+02
2.680000000000000000e+02 1.165561204217605109e+02
2.690000000000000000e+02 1.165207913767333139e+02
2.700000000000000000e+02 1.164150041426907478e+02
2.710000000000000000e+02 1.163316056464501571e+02
2.720000000000000000e+02 1.162413537930403891e+02
2.730000000000000000e+02 1.161570107433507815e+02
2.737692307692307736e+02 1.160910041426907355e+02
2.740000000000000000e+02 1.160441291426907355e+02
2.750000000000000000e+02 1.158565213840700494e+02
2.760000000000000000e+02 1.156985990793995711e+02
2.770000000000000000e+02 1.155767184284050018e+02
2.780000000000000000e+02 1.154974212549902290e+02
2.790000000000000000e+02 1.154436357216380884e+02
2.800000000000000000e+02 1.154345938862804815e+02
2.810000000000000000e+02 1.154018849717062949e+02
2.820000000000000000e+02 1.153914967535282017e+02
2.830000000000000000e+02 1.153998276721025036e+02
2.840000000000000000e+02 1.153780854824036624e+02
2.850000000000000000e+02 1.153753643322642120e+02
2.860000000000000000e+02 1.153895823417428801e+02
2.870000000000000000e+02 1.154195755712621576e+02
2.880000000000000000e+02 1.154306267842001716e+02
2.890000000000000000e+02 1.154259098030680661e+02
2.900000000000000000e+02 1.153834569728794008e+02
2.910000000000000000e+02 1.153362871615586869e+02
2.920000000000000000e+02 1.153444603638889134e+02
2.930000000000000000e+02 1.153421669333883983e+02
2.940000000000000000e+02 1.153551550860869384e+02
2.950000000000000000e+02 1.153740230106152467e+02
2.960000000000000000e+02 1.153876548603940932e+02
2.970000000000000000e+02 1.154424892912055611e+02
2.980000000000000000e+02 1.154972541426907355e+02
2.990000000000000000e+02 1.155516782999940801e+02
3.000000000000000000e+02 1.156353828409156108e+02
3.010000000000000000e+02 1.157343162446015867e+02
3.020000000000000000e+02 1.158052898569764579e+02
3.030000000000000000e+02 1.158618374760240499e+02
3.040000000000000000e+02 1.158801197889492300e+02
3.050000000000000000e+02 1.158989511625582622e+02
3.060000000000000000e+02 1.158617047796333850e+02
3.070000000000000000e+02 1.158142745829422893e+02
3.080000000000000000e+02 1.157883725637433940e+02
3.090000000000000000e+02 1.157929908976576030e+02
3.100000000000000000e+02 1.158004636021502165e+02
3.110000000000000000e+02 1.157643374760240818e+02
3.120000000000000000e+02 1.157554336728920816e+02
3.130000000000000000e+02 1.158120925780648918e+02
3.140000000000000000e+02 1.158788829305695458e+02
3.150000000000000000e+02 1.159546405063271095e+02
3.160000000000000000e+02 1.160750041426907160e+02
3.161538461538461320e+02 1.160910041426907355e+02
3.170000000000000000e+02 1.161322026445633924e+02
3.180000000000000000e+02 1.161553980820846732e+02
3.190000000000000000e+02 1.161711568144464763e+02
3.200000000000000000e+02 1.161898634582801151e+02
3.210000000000000000e+02 1.162104071277653361e+02
3.220000000000000000e+02 1.162095226612092347e+02
3.230000000000000000e+02 1.162077924638585955e+02
3.240000000000000000e+02 1.161767184284050245e+02
3.250000000000000000e+02 1.161562962389106701e+02
3.260000000000000000e+02 1.161411713667710046e+02
3.270000000000000000e+02 1.161197581363009590e+02
3.278999999999999773e+02 1.160910041426907355e+02
3.280000000000000000e+02 1.160841548276222284e+02
3.290000000000000000e+02 1.160043374760240908e+02
3.300000000000000000e+02 1.158976708093574075e+02
3.310000000000000000e+02 1.158212673005854754e+02
3.320000000000000000e+02 1.158170315399510173e+02
3.330000000000000000e+02 1.158602349119215091e+02
3.340000000000000000e+02 1.159679272196137845e+02
3.346666666666666856e+02 1.160910041426907355e+02
3.350000000000000000e+02 1.161204159073965911e+02
3.360000000000000000e+02 1.162321331749487854e+02
3.370000000000000000e+02 1.163365398569764579e+02
3.380000000000000000e+02 1.164968012441399878e+02
3.390000000000000000e+02 1.166690388247716328e+02
3.400000000000000000e+02 1.168843374760240863e+02
3.408378378378378102e+02 1.170910041426907355e+02
3.410000000000000000e+02 1.171100517617383616e+02
3.420000000000000000e+02 1.172078426306632650e+02
3.430000000000000000e+02 1.173106119858280181e+02
3.440000000000000000e+02 1.174434270501797073e+02
3.450000000000000000e+02 1.176230238471242160e+02
3.460000000000000000e+02 1.178523677790543616e+02
3.468750000000000000e+02 1.180910041426907355e+02
3.470000000000000000e+02 1.181099315874856757e+02
3.480000000000000000e+02 1.182794099397921741e+02
3.490000000000000000e+02 1.185549681066547123e+02
3.500000000000000000e+02 1.189580561658121383e+02
3.502738095238095184e+02 1.190910041426907355e+02
3.510000000000000000e+02 1.193136318799170112e+02
3.520000000000000000e+02 1.195805438916447088e+02
3.530000000000000000e+02 1.198693546581546343e+02
3.535584415584415865e+02 1.200910041426907355e+02
3.540000000000000000e+02 1.202115715185772729e+02
3.550000000000000000e+02 1.204850719393008944e+02
3.560000000000000000e+02 1.208451025033464816e+02
3.565056179775281180e+02 1.210910041426907355e+02
3.570000000000000000e+02 1.212545729159249390e+02
3.580000000000000000e+02 1.215819951336817439e+02
3.590000000000000000e+02 1.219096854613720780e+02
3.596600000000000250e+02 1.220910041426907355e+02
3.600000000000000000e+02 1.221441291426907583e+02
3.610000000000000000e+02 1.222787174532709287e+02
3.620000000000000000e+02 1.224192484174998867e+02
3.630000000000000000e+02 1.225819132335998347e+02
3.640000000000000000e+02 1.228325771763986154e+02
3.647076923076922981e+02 1.230910041426907355e+02
3.650000000000000000e+02 1.231595962004524836e+02
3.660000000000000000e+02 1.233858759375625027e+02
3.670000000000000000e+02 1.235809031325897536e+02
3.680000000000000000e+02 1.237846457611878463e+02
3.690000000000000000e+02 1.240176708093574121e+02
3.692682926829268126e+02 1.240910041426907355e+02
3.700000000000000000e+02 1.242059466714263749e+02
3.710000000000000000e+02 1.243466095238566709e+02
3.720000000000000000e+02 1.246045176562042229e+02
3.730000000000000000e+02 1.250607011123877328e+02
3.730597014925373287e+02 1.250910041426907355e+02
3.740000000000000000e+02 1.254028853308095677e+02
3.750000000000000000e+02 1.258757263649129641e+02
3.754366197183098848e+02 1.260910041426907355e+02
3.760000000000000000e+02 1.262529474625287662e+02
3.770000000000000000e+02 1.265320297837163821e+02
3.780000000000000000e+02 1.268212673005854754e+02
3.788723404255318883e+02 1.270910041426907355e+02
3.790000000000000000e+02 1.271122055561182833e+02
3.800000000000000000e+02 1.272846978363844528e+02
3.810000000000000000e+02 1.275940716273532871e+02
3.819529411764705742e+02 1.280910041426907355e+02
3.820000000000000000e+02 1.281087032577349873e+02
3.830000000000000000e+02 1.284984115500981261e+02
3.839411764705882320e+02 1.290910041426907355e+02
3.840000000000000000e+02 1.291167552156521197e+02
3.850000000000000000e+02 1.295552898569764579e+02
3.858571428571428328e+02 1.300910041426907355e+02
3.860000000000000000e+02 1.301529876137651058e+02
3.870000000000000000e+02 1.306022400977469147e+02
3.878207547169811278e+02 1.310910041426907355e+02
3.880000000000000000e+02 1.311621651913798701e+02
3.890000000000000000e+02 1.315000950517816705e+02
3.900000000000000000e+02 1.319098447224008623e+02
3.903424657534246762e+02 1.320910041426907355e+02
3.910000000000000000e+02 1.323122022993727569e+02
3.920000000000000000e+02 1.327167710138563734e+02
3.927721518987341938e+02 1.330910041426907355e+02
3.930000000000000000e+02 1.331605022121888169e+02
3.940000000000000000e+02 1.334448502965369130e+02
3.950000000000000000e+02 1.338477608994475077e+02
3.955000000000000000e+02 1.340910041426907355e+02
3.960000000000000000e+02 1.342539000702925591e+02
3.970000000000000000e+02 1.345970282390762804e+02
3.979534883720930338e+02 1.350910041426907355e+02
3.980000000000000000e+02 1.351076708093573870e+02
3.990000000000000000e+02 1.354811140328006331e+02
4.000000000000000000e+02 1.360345525297875042e+02
4.000933333333333053e+02 1.360910041426907355e+02
4.010000000000000000e+02 1.364397220914086688e+02
4.020000000000000000e+02 1.369523180113038734e+02
4.022533333333333303e+02 1.370910041426907355e+02
4.030000000000000000e+02 1.373628488028849119e+02
4.040000000000000000e+02 1.378033329098140030e+02
4.045121951219512084e+02 1.380910041426907355e+02
4.050000000000000000e+02 1.382779200305412246e+02
4.060000000000000000e+02 1.387365737629439195e+02
4.066292134831460885e+02 1.390910041426907355e+02
4.070000000000000000e+02 1.392214389252994238e+02
4.080000000000000000e+02 1.395828074213792434e+02
4.090000000000000000e+02 1.400243374760240727e+02
4.091384615384615131e+02 1.400910041426907355e+02
4.100000000000000000e+02 1.403344824035602869e+02
4.110000000000000000e+02 1.406933433239772739e+02
4.118607594936709120e+02 1.410910041426907355e+02
4.120000000000000000e+02 1.411317448834314519e+02
4.130000000000000000e+02 1.414367985352141091e+02
4.140000000000000000e+02 1.418259439017268733e+02
4.145500000000000114e+02 1.420910041426907355e+02
4.150000000000000000e+02 1.422379429182009289e+02
4.160000000000000000e+02 1.425991122507988393e+02
4.170000000000000000e+02 1.430766156534821221e+02
4.170273972602739718e+02 1.430910041426907355e+02
4.180000000000000000e+02 1.434607958093574211e+02
4.190000000000000000e+02 1.440019630468003129e+02
4.191477272727272521e+02 1.440910041426907355e+02
4.200000000000000000e+02 1.444604622707695398e+02
4.210000000000000000e+02 1.450273098751748080e+02
4.211098901098901024e+02 1.450910041426907355e+02
4.220000000000000000e+02 1.455085299158865837e+02
4.228968253968254203e+02 1.460910041426907355e+02
4.230000000000000000e+02 1.461487819204685366e+02
4.240000000000000000e+02 1.467615243739045923e+02
4.245181818181818016e+02 1.470910041426907355e+02
4.250000000000000000e+02 1.473470427900337540e+02
4.260000000000000000e+02 1.480280670797536686e+02
4.260833333333333144e+02 1.480910041426907355e+02
4.270000000000000000e+02 1.486910041426907583e+02
4.275038167938931224e+02 1.490910041426907355e+02
4.280000000000000000e+02 1.494277917074575726e+02
4.288421052631579187e+02 1.500910041426907355e+02
4.290000000000000000e+02 1.502005931837866228e+02
4.300000000000000000e+02 1.509692092708958739e+02
4.301496062992126213e+02 1.510910041426907355e+02
4.310000000000000000e+02 1.516230238471242160e+02
4.316690140845070687e+02 1.520910041426907355e+02
4.320000000000000000e+02 1.522828408773846149e+02
4.330000000000000000e+02 1.528637314154179876e+02
4.333361344537815398e+02 1.530910041426907355e+02
4.340000000000000000e+02 1.534899940416806317e+02
4.348040540540540633e+02 1.540910041426907355e+02
4.350000000000000000e+02 1.542311007610481965e+02
4.360000000000000000e+02 1.550031663048529254e+02
4.361130434782608631e+02 1.550910041426907355e+02
4.370000000000000000e+02 1.557896342796770455e+02
4.373358778625953960e+02 1.560910041426907355e+02
4.380000000000000000e+02 1.567260406390411163e+02
4.383496503496503465e+02 1.570910041426907355e+02
4.390000000000000000e+02 1.577552898569764466e+02
4.393381294964028712e+02 1.580910041426907355e+02
4.400000000000000000e+02 1.588270041426907255e+02
4.402519083969465896e+02 1.590910041426907355e+02
4.410000000000000000e+02 1.598877521101704247e+02
4.411879699248120232e+02 1.600910041426907355e+02
4.420000000000000000e+02 1.610467563550801060e+02
4.420413223140495802e+02 1.610910041426907355e+02
4.429788359788360026e+02 1.620910041426907355e+02
4.430000000000000000e+02 1.621148136665002539e+02
4.439265536723164018e+02 1.630910041426907355e+02
4.440000000000000000e+02 1.631776708093573802e+02
4.448203592814371063e+02 1.640910041426907355e+02
4.450000000000000000e+02 1.642923464245699279e+02
4.457391304347826235e+02 1.650910041426907355e+02
4.460000000000000000e+02 1.653691498380549660e+02
4.467124183006536100e+02 1.660910041426907355e+02
4.470000000000000000e+02 1.664008632976203330e+02
4.476490066225165378e+02 1.670910041426907355e+02
4.480000000000000000e+02 1.674955842953625051e+02
4.485306122448979522e+02 1.680910041426907355e+02
4.490000000000000000e+02 1.686910041426907583e+02
4.493309352517985644e+02 1.690910041426907355e+02
4.500000000000000000e+02 1.698996997948646595e+02
4.501679389312977264e+02 1.700910041426907355e+02
4.510000000000000000e+02 1.710910041426907355e+02
4.518723404255318883e+02 1.720910041426907355e+02
4.520000000000000000e+02 1.722478668877888026e+02
4.527371428571428851e+02 1.730910041426907355e+02
4.530000000000000000e+02 1.734060726358414399e+02
4.535988023952095887e+02 1.740910041426907355e+02
4.540000000000000000e+02 1.746024545243701027e+02
4.544413793103448143e+02 1.750910041426907355e+02
4.550000000000000000e+02 1.757604256302940371e+02
4.553007518796992485e+02 1.760910041426907355e+02
4.560000000000000000e+02 1.770303980820846732e+02
4.560504201680672054e+02 1.770910041426907355e+02
4.568757062146892736e+02 1.780910041426907355e+02
4.570000000000000000e+02 1.782539671056537145e+02
4.576647058823529619e+02 1.790910041426907355e+02
4.580000000000000000e+02 1.795363166426907355e+02
4.584733333333333576e+02 1.800910041426907355e+02
4.590000000000000000e+02 1.807839865988310635e+02
4.592611940298507420e+02 1.810910041426907355e+02
4.600000000000000000e+02 1.820712021624927388e+02
4.600163934426229275e+02 1.820910041426907355e+02
4.609257142857142640e+02 1.830910041426907355e+02
4.610000000000000000e+02 1.831748751104326516e+02
4.618554216867469790e+02 1.840910041426907355e+02
4.620000000000000000e+02 1.842542694488132042e+02
4.627687500000000114e+02 1.850910041426907355e+02
4.630000000000000000e+02 1.853479485871351926e+02
4.637039473684210407e+02 1.860910041426907355e+02
4.640000000000000000e+02 1.864124327141192907e+02
4.646597222222222285e+02 1.870910041426907355e+02
4.650000000000000000e+02 1.874460766064588597e+02
4.656180555555555429e+02 1.880910041426907355e+02
4.660000000000000000e+02 1.885076708093574211e+02
4.665460992907801483e+02 1.890910041426907355e+02
4.670000000000000000e+02 1.896030041426907360e+02
4.674236111111110858e+02 1.900910041426907355e+02
4.680000000000000000e+02 1.908065213840700380e+02
4.682408759124087396e+02 1.910910041426907355e+02
4.690000000000000000e+02 1.920539671056537259e+02
4.690327868852459119e+02 1.920910041426907355e+02
4.698109756097560989e+02 1.930910041426907355e+02
4.700000000000000000e+02 1.933537160070974892e+02
4.705686274509803866e+02 1.940910041426907355e+02
4.710000000000000000e+02 1.946275895085444176e+02
4.713774834437086270e+02 1.950910041426907355e+02
4.720000000000000000e+02 1.959948502965368675e+02
4.720699300699300807e+02 1.960910041426907355e+02
4.727803468208092568e+02 1.970910041426907355e+02
4.730000000000000000e+02 1.974185903495873049e+02
4.734785276073619684e+02 1.980910041426907355e+02
4.740000000000000000e+02 1.989410041426907583e+02
4.741006711409395962e+02 1.990910041426907355e+02
4.747262569832402050e+02 2.000910041426907355e+02
4.750000000000000000e+02 2.005667322980305585e+02
4.753292682926829116e+02 2.010910041426907355e+02
4.758677248677248599e+02 2.020910041426907355e+02
4.760000000000000000e+02 2.023627432731255453e+02
4.763785310734463110e+02 2.030910041426907355e+02
4.768617021276595551e+02 2.040910041426907355e+02
4.770000000000000000e+02 2.044331094058486542e+02
4.772994011976047659e+02 2.050910041426907355e+02
4.777127071823204574e+02 2.060910041426907355e+02
4.780000000000000000e+02 2.068338612855478686e+02
4.781153846153846416e+02 2.070910041426907355e+02
4.785321637426900452e+02 2.080910041426907355e+02
4.789779005524861759e+02 2.090910041426907355e+02
4.790000000000000000e+02 2.091359479629154521e+02
4.794913294797688081e+02 2.100910041426907355e+02
4.799351351351351127e+02 2.110910041426907355e+02
4.800000000000000000e+02 2.112448502965368675e+02
4.804074074074073906e+02 2.120910041426907355e+02
4.807582417582417520e+02 2.130910041426907355e+02
4.810000000000000000e+02 2.139889633263642281e+02
4.810316455696202524e+02 2.140910041426907355e+02
4.813508771929824661e+02 2.150910041426907355e+02
4.816277777777777942e+02 2.160910041426907355e+02
4.818162162162162190e+02 2.170910041426907355e+02
4.819893048128342343e+02 2.180910041426907355e+02
4.820000000000000000e+02 2.181498276721025036e+02
4.822051282051282328e+02 2.190910041426907355e+02
4.823396226415094361e+02 2.200910041426907355e+02
4.824746835443037867e+02 2.210910041426907355e+02
4.825962732919254563e+02 2.220910041426907355e+02
4.826606060606060851e+02 2.230910041426907355e+02
4.826545454545454277e+02 2.240910041426907355e+02
4.826551724137930819e+02 2.250910041426907355e+02
4.827111111111111086e+02 2.260910041426907355e+02
4.827500000000000000e+02 2.270910041426907355e+02
4.828324324324324266e+02 2.280910041426907355e+02
4.829032258064515872e+02 2.290910041426907355e+02
4.828999999999999773e+02 2.300910041426907355e+02
4.829040404040404155e+02 2.310910041426907355e+02
4.829077669902912362e+02 2.320910041426907355e+02
4.828999999999999773e+02 2.330910041426907355e+02
4.829140271493212708e+02 2.340910041426907355e+02
4.829442060085837056e+02 2.350910041426907355e+02
4.830000000000000000e+02 2.359035041426907355e+02
4.830177514792899274e+02 2.360910041426907355e+02
4.831761363636363740e+02 2.370910041426907355e+02
4.834123711340206455e+02 2.380910041426907355e+02
4.835817307692307736e+02 2.390910041426907355e+02
4.836803652968036431e+02 2.400910041426907355e+02
4.837692307692307736e+02 2.410910041426907355e+02
4.838554216867469790e+02 2.420910041426907355e+02
4.839201520912547494e+02 2.430910041426907355e+02
4.840000000000000000e+02 2.440040476209516100e+02
4.840118343195265993e+02 2.440910041426907355e+02
4.841823204419889635e+02 2.450910041426907355e+02
4.842694300518134582e+02 2.460910041426907355e+02
4.843846153846153584e+02 2.470910041426907355e+02
4.845161290322580498e+02 2.480910041426907355e+02
4.846293103448275588e+02 2.490910041426907355e+02
4.847049180327869067e+02 2.500910041426907355e+02
4.847559055118110223e+02 2.510910041426907355e+02
4.848501872659176115e+02 2.520910041426907355e+02
4.849426523297490803e+02 2.530910041426907355e+02
4.850000000000000000e+02 2.540321806132789675e+02
4.850057142857143049e+02 2.540910041426907355e+02
4.850726256983240319e+02 2.550910041426907355e+02
4.851684782608695627e+02 2.560910041426907355e+02
4.852835051546391583e+02 2.570910041426907355e+02
4.853913043478260647e+02 2.580910041426907355e+02
4.854305555555555429e+02 2.590910041426907355e+02
4.854557522123893705e+02 2.600910041426907355e+02
4.854703389830508513e+02 2.610910041426907355e+02
4.855186721991701120e+02 2.620910041426907355e+02
4.856194331983805910e+02 2.630910041426907355e+02
4.857322834645669332e+02 2.640910041426907355e+02
4.858030303030303116e+02 2.650910041426907355e+02
4.858405797101449366e+02 2.660910041426907355e+02
4.858780487804878021e+02 2.670910041426907355e+02
4.859003322259136439e+02 2.680910041426907355e+02
4.859285714285714448e+02 2.690910041426907355e+02
4.859488817891373742e+02 2.700910041426907355e+02
4.859593750000000227e+02 2.710910041426907355e+02
4.859845679012345840e+02 2.720910041426907355e+02
4.860000000000000000e+02 2.727160041426907355e+02
4.860163043478260647e+02 2.730910041426907355e+02
