3.590841121495327002e+02 2.600000000000000000e+02
3.592090909090908895e+02 2.590000000000000000e+02
3.593478260869565020e+02 2.580000000000000000e+02
3.594462809917355344e+02 2.570000000000000000e+02
3.595000000000000000e+02 2.560000000000000000e+02
3.595307692307692378e+02 2.550000000000000000e+02
3.595801526717557408e+02 2.540000000000000000e+02
3.596363636363636260e+02 2.530000000000000000e+02
3.596846153846153697e+02 2.520000000000000000e+02
3.597109375000000000e+02 2.510000000000000000e+02
3.597301587301587347e+02 2.500000000000000000e+02
3.597480314960629926e+02 2.490000000000000000e+02
3.597596899224806180e+02 2.480000000000000000e+02
3.597424242424242493e+02 2.470000000000000000e+02
3.597142857142857224e+02 2.460000000000000000e+02
3.596793893129770936e+02 2.450000000000000000e+02
3.596190476190475920e+02 2.440000000000000000e+02
3.595121951219512084e+02 2.430000000000000000e+02
3.594117647058823763e+02 2.420000000000000000e+02
3.593565217391304145e+02 2.410000000000000000e+02
3.593392857142857224e+02 2.400000000000000000e+02
3.592897196261682211e+02 2.390000000000000000e+02
3.591844660194174708e+02 2.380000000000000000e+02
3.590000000000000000e+02 2.370500000000000114e+02
3.589931034482758605e+02 2.370000000000000000e+02
3.588321167883211729e+02 2.360000000000000000e+02
3.586356589147287082e+02 2.350000000000000000e+02
3.584380165289256297e+02 2.340000000000000000e+02
3.582162162162161962e+02 2.330000000000000000e+02
3.580000000000000000e+02 2.321999999999999886e+02
3.579602649006622528e+02 2.320000000000000000e+02
3.577214285714285893e+02 2.310000000000000000e+02
3.574032258064515872e+02 2.300000000000000000e+02
3.570000000000000000e+02 2.290000000000000000e+02
3.566884057971014386e+02 2.280000000000000000e+02
3.563249999999999886e+02 2.270000000000000000e+02
3.560000000000000000e+02 2.261521739130434696e+02
3.559556962025316693e+02 2.260000000000000000e+02
3.556758620689655004e+02 2.250000000000000000e+02
3.553543307086613936e+02 2.240000000000000000e+02
3.550000000000000000e+02 2.231666666666666572e+02
3.549399999999999977e+02 2.230000000000000000e+02
3.545227272727272521e+02 2.220000000000000000e+02
3.540000000000000000e+02 2.210000000000000000e+02
3.535774647887324136e+02 2.200000000000000000e+02
3.530975609756097811e+02 2.190000000000000000e+02
3.530000000000000000e+02 2.188095238095237960e+02
3.526382978723404449e+02 2.180000000000000000e+02
3.521092436974789734e+02 2.170000000000000000e+02
3.520000000000000000e+02 2.168030303030303116e+02
3.516074074074073792e+02 2.160000000000000000e+02
3.510350877192982466e+02 2.150000000000000000e+02
3.510000000000000000e+02 2.149375000000000000e+02
3.505555555555555429e+02 2.140000000000000000e+02
3.500434782608695627e+02 2.130000000000000000e+02
3.500000000000000000e+02 2.129230769230769340e+02
3.495522388059701484e+02 2.120000000000000000e+02
3.490000000000000000e+02 2.110864197530864317e+02
3.489527027027027088e+02 2.110000000000000000e+02
3.483828125000000000e+02 2.100000000000000000e+02
3.480000000000000000e+02 2.093874999999999886e+02
3.477876712328767326e+02 2.090000000000000000e+02
3.472195121951219789e+02 2.080000000000000000e+02
3.470000000000000000e+02 2.076447368421052602e+02
3.466287878787878753e+02 2.070000000000000000e+02
3.460000000000000000e+02 2.060568181818181870e+02
3.459635036496350153e+02 2.060000000000000000e+02
3.453362831858407276e+02 2.050000000000000000e+02
3.450000000000000000e+02 2.045064935064935128e+02
3.446776859504132062e+02 2.040000000000000000e+02
3.440000000000000000e+02 2.030352941176470551e+02
3.439759999999999991e+02 2.030000000000000000e+02
3.432599999999999909e+02 2.020000000000000000e+02
3.430000000000000000e+02 2.016750000000000114e+02
3.424953271028037420e+02 2.010000000000000000e+02
3.420000000000000000e+02 2.003908045977011625e+02
3.417068965517241281e+02 2.000000000000000000e+02
3.410000000000000000e+02 1.991086956521739069e+02
3.409152542372881385e+02 1.990000000000000000e+02
3.400879120879121160e+02 1.980000000000000000e+02
3.400000000000000000e+02 1.978974358974358836e+02
3.392708333333333144e+02 1.970000000000000000e+02
3.390000000000000000e+02 1.966790123456790127e+02
3.384210526315789593e+02 1.960000000000000000e+02
3.380000000000000000e+02 1.955652173913043441e+02
3.374408602150537604e+02 1.950000000000000000e+02
3.370000000000000000e+02 1.945638297872340559e+02
3.364536082474226646e+02 1.940000000000000000e+02
3.360000000000000000e+02 1.935319148936170279e+02
3.354845360824742215e+02 1.930000000000000000e+02
3.350000000000000000e+02 1.925300000000000011e+02
3.344421052631578846e+02 1.920000000000000000e+02
3.340000000000000000e+02 1.915714285714285836e+02
3.334343434343434183e+02 1.910000000000000000e+02
3.330000000000000000e+02 1.905326086956521863e+02
3.325420560747663785e+02 1.900000000000000000e+02
3.320000000000000000e+02 1.893695652173913118e+02
3.316991150442477760e+02 1.890000000000000000e+02
3.310000000000000000e+02 1.881505376344086073e+02
3.308738738738738903e+02 1.880000000000000000e+02
3.300000000000000000e+02 1.870000000000000000e+02
3.290375000000000227e+02 1.860000000000000000e+02
3.290000000000000000e+02 1.859638554216867590e+02
3.280000000000000000e+02 1.850183486238531998e+02
3.279807692307692264e+02 1.850000000000000000e+02
3.270000000000000000e+02 1.840642201834862419e+02
3.269320388349514701e+02 1.840000000000000000e+02
3.260000000000000000e+02 1.831028037383177605e+02
3.258888888888889142e+02 1.830000000000000000e+02
3.250000000000000000e+02 1.821775700934579447e+02
3.248000000000000114e+02 1.820000000000000000e+02
3.240000000000000000e+02 1.812621359223300885e+02
3.236999999999999886e+02 1.810000000000000000e+02
3.230000000000000000e+02 1.803942307692307736e+02
3.225119047619047592e+02 1.800000000000000000e+02
3.220000000000000000e+02 1.795784313725490335e+02
3.212531645569620196e+02 1.790000000000000000e+02
3.210000000000000000e+02 1.787959183673469283e+02
3.200126582278480782e+02 1.780000000000000000e+02
3.200000000000000000e+02 1.779891304347825951e+02
3.190000000000000000e+02 1.771465517241379359e+02
3.188045977011494188e+02 1.770000000000000000e+02
3.180000000000000000e+02 1.763396226415094361e+02
3.175000000000000000e+02 1.760000000000000000e+02
3.170000000000000000e+02 1.756326530612244881e+02
3.160000000000000000e+02 1.750327868852459119e+02
3.159444444444444571e+02 1.750000000000000000e+02
3.150000000000000000e+02 1.744137931034482847e+02
3.142615384615384642e+02 1.740000000000000000e+02
3.140000000000000000e+02 1.738380952380952351e+02
3.130000000000000000e+02 1.732421875000000000e+02
3.125753424657534083e+02 1.730000000000000000e+02
3.120000000000000000e+02 1.726315789473684106e+02
3.110000000000000000e+02 1.720774647887323852e+02
3.108607594936709120e+02 1.720000000000000000e+02
3.100000000000000000e+02 1.714559999999999889e+02
3.091857142857143117e+02 1.710000000000000000e+02
3.090000000000000000e+02 1.708761904761904873e+02
3.080000000000000000e+02 1.702335766423357768e+02
3.076235294117647072e+02 1.700000000000000000e+02
3.070000000000000000e+02 1.695691056910569046e+02
3.061566265060241108e+02 1.690000000000000000e+02
3.060000000000000000e+02 1.688818181818181756e+02
3.050000000000000000e+02 1.681224489795918373e+02
3.048181818181818130e+02 1.680000000000000000e+02
3.040000000000000000e+02 1.673955223880597032e+02
3.033291139240506595e+02 1.670000000000000000e+02
3.030000000000000000e+02 1.667699115044247833e+02
3.020000000000000000e+02 1.661736111111111143e+02
3.016710526315789593e+02 1.660000000000000000e+02
3.010000000000000000e+02 1.655853658536585442e+02
3.000000000000000000e+02 1.650915032679738488e+02
2.998000000000000114e+02 1.650000000000000000e+02
2.990000000000000000e+02 1.645590551181102228e+02
2.980000000000000000e+02 1.640860927152317856e+02
2.978088235294117680e+02 1.640000000000000000e+02
2.970000000000000000e+02 1.635416666666666572e+02
2.960000000000000000e+02 1.631095890410958873e+02
2.957142857142857224e+02 1.630000000000000000e+02
2.950000000000000000e+02 1.626521739130434696e+02
2.940000000000000000e+02 1.622753623188405925e+02
2.931555555555555657e+02 1.620000000000000000e+02
2.930000000000000000e+02 1.619320388349514701e+02
2.920000000000000000e+02 1.615203252032520425e+02
2.910000000000000000e+02 1.611619718309859195e+02
2.905400000000000205e+02 1.610000000000000000e+02
2.900000000000000000e+02 1.607403846153846132e+02
2.890000000000000000e+02 1.602800000000000011e+02
2.883137254901960773e+02 1.600000000000000000e+02
2.880000000000000000e+02 1.598279569892472978e+02
2.870000000000000000e+02 1.593628318584070769e+02
2.860000000000000000e+02 1.590074626865671519e+02
2.859767441860465169e+02 1.590000000000000000e+02
2.850000000000000000e+02 1.585961538461538396e+02
2.840000000000000000e+02 1.582845528455284523e+02
2.830000000000000000e+02 1.580486111111111143e+02
2.827878787878788103e+02 1.580000000000000000e+02
2.820000000000000000e+02 1.577614678899082605e+02
2.810000000000000000e+02 1.574799999999999898e+02
2.800000000000000000e+02 1.572361111111111143e+02
2.790000000000000000e+02 1.570062111801242111e+02
2.789743589743589496e+02 1.570000000000000000e+02
2.780000000000000000e+02 1.566666666666666572e+02
2.770000000000000000e+02 1.563565891472868259e+02
2.760000000000000000e+02 1.560965517241379246e+02
2.755757575757575637e+02 1.560000000000000000e+02
2.750000000000000000e+02 1.558118811881188037e+02
2.740000000000000000e+02 1.555344827586206975e+02
2.730000000000000000e+02 1.552954545454545325e+02
2.720000000000000000e+02 1.550748299319728005e+02
2.716666666666666856e+02 1.550000000000000000e+02
2.710000000000000000e+02 1.547777777777777715e+02
2.700000000000000000e+02 1.544778761061946852e+02
2.690000000000000000e+02 1.542325581395348877e+02
2.680000000000000000e+02 1.540340136054421691e+02
2.678148148148148380e+02 1.540000000000000000e+02
2.670000000000000000e+02 1.537800000000000011e+02
2.660000000000000000e+02 1.535126050420168156e+02
2.650000000000000000e+02 1.532335766423357768e+02
2.641578947368420813e+02 1.530000000000000000e+02
2.640000000000000000e+02 1.529354838709677438e+02
2.630000000000000000e+02 1.525727272727272634e+02
2.620000000000000000e+02 1.523515625000000000e+02
2.610000000000000000e+02 1.521830985915492818e+02
2.600000000000000000e+02 1.520128205128205252e+02
2.599393939393939377e+02 1.520000000000000000e+02
2.590000000000000000e+02 1.516990291262135884e+02
2.580000000000000000e+02 1.514273504273504329e+02
2.570000000000000000e+02 1.511818181818181870e+02
2.562500000000000000e+02 1.510000000000000000e+02
2.560000000000000000e+02 1.509130434782608745e+02
2.550000000000000000e+02 1.505688073394495348e+02
2.540000000000000000e+02 1.502880000000000109e+02
2.530000000000000000e+02 1.500633802816901436e+02
2.526250000000000000e+02 1.500000000000000000e+02
2.520000000000000000e+02 1.498453608247422721e+02
2.510000000000000000e+02 1.496538461538461604e+02
2.500000000000000000e+02 1.495090909090909008e+02
2.490000000000000000e+02 1.493534482758620641e+02
2.480000000000000000e+02 1.491869918699186996e+02
2.470000000000000000e+02 1.490074074074074133e+02
2.469666666666666686e+02 1.490000000000000000e+02
2.460000000000000000e+02 1.486813186813186860e+02
2.450000000000000000e+02 1.483805309734513287e+02
2.440000000000000000e+02 1.481397058823529278e+02
2.433870967741935374e+02 1.480000000000000000e+02
2.430000000000000000e+02 1.478775510204081627e+02
2.420000000000000000e+02 1.475652173913043441e+02
2.410000000000000000e+02 1.473412698412698489e+02
2.400000000000000000e+02 1.471838235294117680e+02
2.390000000000000000e+02 1.470629370629370669e+02
2.384000000000000057e+02 1.470000000000000000e+02
2.380000000000000000e+02 1.469333333333333371e+02
2.370000000000000000e+02 1.467653061224489761e+02
2.360000000000000000e+02 1.465981308411215025e+02
2.350000000000000000e+02 1.464568965517241281e+02
2.340000000000000000e+02 1.463412698412698489e+02
2.330000000000000000e+02 1.462391304347825951e+02
2.320000000000000000e+02 1.461148648648648702e+02
2.311052631578947398e+02 1.460000000000000000e+02
2.310000000000000000e+02 1.459784946236559051e+02
2.300000000000000000e+02 1.457714285714285722e+02
2.290000000000000000e+02 1.456153846153846132e+02
2.280000000000000000e+02 1.455039370078740149e+02
2.270000000000000000e+02 1.453880597014925513e+02
2.260000000000000000e+02 1.452482269503546206e+02
2.250000000000000000e+02 1.451088435374149697e+02
2.240000000000000000e+02 1.450000000000000000e+02
2.230000000000000000e+02 1.448854166666666572e+02
2.220000000000000000e+02 1.447864077669902940e+02
2.210000000000000000e+02 1.446574074074074190e+02
2.200000000000000000e+02 1.445213675213675231e+02
2.190000000000000000e+02 1.444000000000000057e+02
2.180000000000000000e+02 1.443106060606060623e+02
2.170000000000000000e+02 1.442444444444444400e+02
2.160000000000000000e+02 1.442262773722627855e+02
2.150000000000000000e+02 1.442230215827338213e+02
2.140000000000000000e+02 1.442014388489208727e+02
2.130000000000000000e+02 1.441549295774647987e+02
2.120000000000000000e+02 1.441216216216216139e+02
2.110000000000000000e+02 1.441019108280254670e+02
2.100000000000000000e+02 1.441024096385542066e+02
2.090000000000000000e+02 1.441176470588235361e+02
2.080000000000000000e+02 1.441834319526627155e+02
2.070000000000000000e+02 1.442650602409638623e+02
2.060000000000000000e+02 1.443227848101265920e+02
2.050000000000000000e+02 1.443581081081080981e+02
2.040000000000000000e+02 1.444084507042253449e+02
2.030000000000000000e+02 1.444825174825174940e+02
2.020000000000000000e+02 1.445270270270270316e+02
2.010000000000000000e+02 1.445266666666666708e+02
2.000000000000000000e+02 1.445033557046979809e+02
1.990000000000000000e+02 1.445135135135135158e+02
1.980000000000000000e+02 1.445479452054794649e+02
1.970000000000000000e+02 1.445957446808510554e+02
1.960000000000000000e+02 1.446642335766423457e+02
1.950000000000000000e+02 1.447846153846153925e+02
1.940000000000000000e+02 1.449516129032257936e+02
1.937142857142857224e+02 1.450000000000000000e+02
1.930000000000000000e+02 1.450789473684210407e+02
1.920000000000000000e+02 1.451722222222222172e+02
1.910000000000000000e+02 1.452366863905325545e+02
1.900000000000000000e+02 1.452937499999999886e+02
1.890000000000000000e+02 1.453866666666666561e+02
1.880000000000000000e+02 1.455703703703703695e+02
1.870000000000000000e+02 1.458620689655172384e+02
1.865999999999999943e+02 1.460000000000000000e+02
1.860000000000000000e+02 1.461333333333333258e+02
1.850000000000000000e+02 1.463562499999999886e+02
1.840000000000000000e+02 1.465724137931034363e+02
1.830000000000000000e+02 1.467812500000000000e+02
1.820000000000000000e+02 1.469823008849557482e+02
1.819166666666666572e+02 1.470000000000000000e+02
1.810000000000000000e+02 1.471242937853107264e+02
1.800000000000000000e+02 1.473121019108280336e+02
1.790000000000000000e+02 1.475629629629629562e+02
1.780000000000000000e+02 1.478706896551724128e+02
1.776052631578947398e+02 1.480000000000000000e+02
1.770000000000000000e+02 1.481314285714285575e+02
1.760000000000000000e+02 1.483825503355704711e+02
1.750000000000000000e+02 1.486935483870967687e+02
1.741363636363636260e+02 1.490000000000000000e+02
1.740000000000000000e+02 1.490331491712707077e+02
1.730000000000000000e+02 1.492810457516339966e+02
1.720000000000000000e+02 1.495840000000000032e+02
1.710000000000000000e+02 1.500000000000000000e+02
1.700000000000000000e+02 1.503142857142857167e+02
1.690000000000000000e+02 1.507043478260869449e+02
1.683333333333333428e+02 1.510000000000000000e+02
1.680000000000000000e+02 1.511036585365853568e+02
1.670000000000000000e+02 1.514253731343283675e+02
1.660000000000000000e+02 1.518285714285714221e+02
1.656538461538461604e+02 1.520000000000000000e+02
1.650000000000000000e+02 1.522411347517730462e+02
1.640000000000000000e+02 1.526818181818181870e+02
1.634067796610169410e+02 1.530000000000000000e+02
1.630000000000000000e+02 1.531610738255033652e+02
1.620000000000000000e+02 1.535847457627118615e+02
1.611967213114754145e+02 1.540000000000000000e+02
1.610000000000000000e+02 1.540784313725490335e+02
1.600000000000000000e+02 1.544876033057851146e+02
1.590461538461538566e+02 1.550000000000000000e+02
1.590000000000000000e+02 1.550201342281879135e+02
1.580000000000000000e+02 1.554873949579831844e+02
1.571643835616438309e+02 1.560000000000000000e+02
1.570000000000000000e+02 1.560827586206896456e+02
1.560000000000000000e+02 1.565909090909090935e+02
1.553661971830985919e+02 1.570000000000000000e+02
1.550000000000000000e+02 1.571911764705882320e+02
1.540000000000000000e+02 1.577596153846153868e+02
1.536268656716417809e+02 1.580000000000000000e+02
1.530000000000000000e+02 1.583414634146341484e+02
1.520240963855421796e+02 1.590000000000000000e+02
1.520000000000000000e+02 1.590139860139860275e+02
1.510000000000000000e+02 1.595794392523364422e+02
1.503835616438356055e+02 1.600000000000000000e+02
1.500000000000000000e+02 1.602187500000000000e+02
1.490000000000000000e+02 1.608791208791208760e+02
1.488405797101449366e+02 1.610000000000000000e+02
1.480000000000000000e+02 1.615178571428571388e+02
1.473571428571428612e+02 1.620000000000000000e+02
1.470000000000000000e+02 1.622272727272727195e+02
1.460000000000000000e+02 1.629555555555555486e+02
1.459384615384615245e+02 1.630000000000000000e+02
1.450000000000000000e+02 1.635700934579439263e+02
1.444177215189873493e+02 1.640000000000000000e+02
1.440000000000000000e+02 1.642682926829268411e+02
1.430526315789473699e+02 1.650000000000000000e+02
1.430000000000000000e+02 1.650370370370370381e+02
1.420000000000000000e+02 1.657395833333333428e+02
1.416666666666666572e+02 1.660000000000000000e+02
1.410000000000000000e+02 1.664807692307692264e+02
1.403493975903614341e+02 1.670000000000000000e+02
1.400000000000000000e+02 1.672660550458715534e+02
1.391397849462365457e+02 1.680000000000000000e+02
1.390000000000000000e+02 1.681140350877192873e+02
1.380000000000000000e+02 1.690000000000000000e+02
1.370000000000000000e+02 1.698433734939759177e+02
1.368219178082191831e+02 1.700000000000000000e+02
1.360000000000000000e+02 1.706741573033707766e+02
1.356463414634146432e+02 1.710000000000000000e+02
1.350000000000000000e+02 1.715698924731182728e+02
1.345505617977528061e+02 1.720000000000000000e+02
1.340000000000000000e+02 1.725212765957446948e+02
1.335054945054945108e+02 1.730000000000000000e+02
1.330000000000000000e+02 1.735000000000000000e+02
1.325000000000000000e+02 1.740000000000000000e+02
1.320000000000000000e+02 1.745287356321838956e+02
1.315494505494505404e+02 1.750000000000000000e+02
1.310000000000000000e+02 1.756849315068493240e+02
1.307415730337078514e+02 1.760000000000000000e+02
1.301166666666666742e+02 1.770000000000000000e+02
1.300000000000000000e+02 1.772028985507246261e+02
1.294811320754716917e+02 1.780000000000000000e+02
1.290000000000000000e+02 1.787611940298507420e+02
1.288241758241758248e+02 1.790000000000000000e+02
1.281120689655172384e+02 1.800000000000000000e+02
1.280000000000000000e+02 1.801585365853658516e+02
1.273551401869158894e+02 1.810000000000000000e+02
1.270000000000000000e+02 1.814810126582278542e+02
1.265900000000000034e+02 1.820000000000000000e+02
1.260000000000000000e+02 1.828428571428571558e+02
1.258750000000000000e+02 1.830000000000000000e+02
1.251166666666666600e+02 1.840000000000000000e+02
1.250000000000000000e+02 1.841573033707865079e+02
1.242857142857142918e+02 1.850000000000000000e+02
1.240000000000000000e+02 1.853571428571428612e+02
1.234545454545454533e+02 1.860000000000000000e+02
1.230000000000000000e+02 1.865487804878048905e+02
1.226021505376344152e+02 1.870000000000000000e+02
1.220000000000000000e+02 1.877088607594936605e+02
1.217444444444444400e+02 1.880000000000000000e+02
1.210000000000000000e+02 1.889571428571428555e+02
1.209662921348314626e+02 1.890000000000000000e+02
1.201612903225806406e+02 1.900000000000000000e+02
1.200000000000000000e+02 1.901980198019801946e+02
1.193076923076923066e+02 1.910000000000000000e+02
1.190000000000000000e+02 1.913673469387755119e+02
1.184414414414414409e+02 1.920000000000000000e+02
1.180000000000000000e+02 1.925764705882352814e+02
1.176538461538461604e+02 1.930000000000000000e+02
1.170000000000000000e+02 1.939444444444444571e+02
1.169569892473118244e+02 1.940000000000000000e+02
1.162343750000000000e+02 1.950000000000000000e+02
1.160000000000000000e+02 1.953947368421052602e+02
1.155779816513761489e+02 1.960000000000000000e+02
1.150137931034482790e+02 1.970000000000000000e+02
1.150000000000000000e+02 1.970243902439024453e+02
1.143984962406015029e+02 1.980000000000000000e+02
1.140000000000000000e+02 1.988412698412698489e+02
1.139099099099099135e+02 1.990000000000000000e+02
1.133680555555555571e+02 2.000000000000000000e+02
1.130000000000000000e+02 2.007794117647058840e+02
1.128695652173912976e+02 2.010000000000000000e+02
1.123087248322147644e+02 2.020000000000000000e+02
1.120000000000000000e+02 2.026052631578947398e+02
1.117500000000000000e+02 2.030000000000000000e+02
1.112151898734177280e+02 2.040000000000000000e+02
1.110000000000000000e+02 2.044657534246575210e+02
1.106854838709677438e+02 2.050000000000000000e+02
1.102012578616352272e+02 2.060000000000000000e+02
1.100000000000000000e+02 2.064383561643835492e+02
1.096639344262295026e+02 2.070000000000000000e+02
1.091518987341772089e+02 2.080000000000000000e+02
1.090000000000000000e+02 2.083287671232876619e+02
1.086048387096774235e+02 2.090000000000000000e+02
1.081623376623376629e+02 2.100000000000000000e+02
1.080000000000000000e+02 2.104385964912280826e+02
1.077241379310344769e+02 2.110000000000000000e+02
1.072937062937062933e+02 2.120000000000000000e+02
1.070000000000000000e+02 2.128571428571428612e+02
1.069333333333333371e+02 2.130000000000000000e+02
1.065271317829457303e+02 2.140000000000000000e+02
1.062368421052631646e+02 2.150000000000000000e+02
1.060000000000000000e+02 2.159729729729729684e+02
1.059899999999999949e+02 2.160000000000000000e+02
1.056134453781512548e+02 2.170000000000000000e+02
1.052836879432624073e+02 2.180000000000000000e+02
1.050123456790123413e+02 2.190000000000000000e+02
1.050000000000000000e+02 2.190487804878048905e+02
1.046578947368421098e+02 2.200000000000000000e+02
1.043731343283582049e+02 2.210000000000000000e+02
1.041282051282051242e+02 2.220000000000000000e+02
1.040000000000000000e+02 2.226060606060605949e+02
1.038737864077669855e+02 2.230000000000000000e+02
1.035950413223140458e+02 2.240000000000000000e+02
1.033868613138686072e+02 2.250000000000000000e+02
1.032229729729729684e+02 2.260000000000000000e+02
1.030974025974025921e+02 2.270000000000000000e+02
1.030000000000000000e+02 2.279375000000000000e+02
1.029890109890109926e+02 2.280000000000000000e+02
1.027938144329896915e+02 2.290000000000000000e+02
1.025619047619047564e+02 2.300000000000000000e+02
1.023043478260869534e+02 2.310000000000000000e+02
1.020916030534351080e+02 2.320000000000000000e+02
1.020000000000000000e+02 2.326315789473684106e+02
1.019186046511627950e+02 2.330000000000000000e+02
1.017525773195876297e+02 2.340000000000000000e+02
1.016132075471698073e+02 2.350000000000000000e+02
1.014385964912280684e+02 2.360000000000000000e+02
1.012580645161290391e+02 2.370000000000000000e+02
1.011102941176470580e+02 2.380000000000000000e+02
1.010000000000000000e+02 2.389375000000000000e+02
1.009873417721518933e+02 2.390000000000000000e+02
1.008470588235294088e+02 2.400000000000000000e+02
1.007415730337078656e+02 2.410000000000000000e+02
1.006421052631579016e+02 2.420000000000000000e+02
1.005643564356435604e+02 2.430000000000000000e+02
1.005145631067961176e+02 2.440000000000000000e+02
1.005096153846153868e+02 2.450000000000000000e+02
1.005392156862745168e+02 2.460000000000000000e+02
1.006224489795918373e+02 2.470000000000000000e+02
1.007204301075268802e+02 2.480000000000000000e+02
1.007954545454545467e+02 2.490000000000000000e+02
1.009047619047618980e+02 2.500000000000000000e+02
1.010000000000000000e+02 2.507272727272727195e+02
1.010218978102189737e+02 2.510000000000000000e+02
1.011374045801526762e+02 2.520000000000000000e+02
1.012764227642276467e+02 2.530000000000000000e+02
1.014482758620689680e+02 2.540000000000000000e+02
1.016168224299065486e+02 2.550000000000000000e+02
1.017857142857142918e+02 2.560000000000000000e+02
1.020000000000000000e+02 2.568750000000000000e+02
1.020215827338129486e+02 2.570000000000000000e+02
1.022125984251968447e+02 2.580000000000000000e+02
1.024273504273504329e+02 2.590000000000000000e+02
1.026422018348623908e+02 2.600000000000000000e+02
1.028854166666666714e+02 2.610000000000000000e+02
1.030000000000000000e+02 2.614399999999999977e+02
1.031060606060606091e+02 2.620000000000000000e+02
1.032661290322580641e+02 2.630000000000000000e+02
1.033583333333333343e+02 2.640000000000000000e+02
1.032845528455284523e+02 2.650000000000000000e+02
1.030671641791044806e+02 2.660000000000000000e+02
1.030000000000000000e+02 2.662195121951219789e+02
1.026734693877551052e+02 2.670000000000000000e+02
1.023217391304347785e+02 2.680000000000000000e+02
1.020234375000000000e+02 2.690000000000000000e+02
1.020000000000000000e+02 2.690937500000000000e+02
1.016979166666666714e+02 2.700000000000000000e+02
1.014811320754716917e+02 2.710000000000000000e+02
1.013217391304347785e+02 2.720000000000000000e+02
1.011951219512195053e+02 2.730000000000000000e+02
1.011093750000000000e+02 2.740000000000000000e+02
1.010769230769230802e+02 2.750000000000000000e+02
1.010714285714285694e+02 2.760000000000000000e+02
1.011092436974789877e+02 2.770000000000000000e+02
1.011964285714285694e+02 2.780000000000000000e+02
1.013333333333333286e+02 2.790000000000000000e+02
1.015154639175257785e+02 2.800000000000000000e+02
1.017613636363636402e+02 2.810000000000000000e+02
1.020000000000000000e+02 2.817777777777777715e+02
1.020431654676258972e+02 2.820000000000000000e+02
1.022598425196850371e+02 2.830000000000000000e+02
1.024869565217391312e+02 2.840000000000000000e+02
1.027128712871287064e+02 2.850000000000000000e+02
1.029340659340659272e+02 2.860000000000000000e+02
1.030000000000000000e+02 2.862727272727272521e+02
1.031088435374149697e+02 2.870000000000000000e+02
1.032910447761194064e+02 2.880000000000000000e+02
1.034836065573770441e+02 2.890000000000000000e+02
1.036909090909090878e+02 2.900000000000000000e+02
1.039000000000000057e+02 2.910000000000000000e+02
1.040000000000000000e+02 2.914347826086956275e+02
1.040849673202614412e+02 2.920000000000000000e+02
1.042608695652173907e+02 2.930000000000000000e+02
1.044634146341463463e+02 2.940000000000000000e+02
1.046880733944954187e+02 2.950000000000000000e+02
1.049578947368421069e+02 2.960000000000000000e+02
1.050000000000000000e+02 2.961481481481481524e+02
1.051597222222222285e+02 2.970000000000000000e+02
1.053750000000000000e+02 2.980000000000000000e+02
1.056759259259259238e+02 2.990000000000000000e+02
1.060000000000000000e+02 2.998536585365853853e+02
1.060413793103448228e+02 3.000000000000000000e+02
1.063636363636363598e+02 3.010000000000000000e+02
1.068191489361702082e+02 3.020000000000000000e+02
1.070000000000000000e+02 3.023148148148148380e+02
1.073109243697478945e+02 3.030000000000000000e+02
1.077999999999999972e+02 3.040000000000000000e+02
1.080000000000000000e+02 3.044042553191489446e+02
1.082121212121212182e+02 3.050000000000000000e+02
1.085840707964601819e+02 3.060000000000000000e+02
1.090000000000000000e+02 3.069215686274509949e+02
1.090253164556961991e+02 3.070000000000000000e+02
1.093382352941176521e+02 3.080000000000000000e+02
1.096991150442477903e+02 3.090000000000000000e+02
1.100000000000000000e+02 3.096666666666666856e+02
1.101140939597315480e+02 3.100000000000000000e+02
1.104915254237288167e+02 3.110000000000000000e+02
1.110000000000000000e+02 3.119677419354838435e+02
1.110143884892086277e+02 3.120000000000000000e+02
1.114859813084112119e+02 3.130000000000000000e+02
1.120000000000000000e+02 3.138461538461538680e+02
1.120787401574803113e+02 3.140000000000000000e+02
1.125979381443299019e+02 3.150000000000000000e+02
1.130000000000000000e+02 3.156724137931034306e+02
1.131596638655462215e+02 3.160000000000000000e+02
1.136451612903225765e+02 3.170000000000000000e+02
1.140000000000000000e+02 3.176470588235293917e+02
1.141538461538461604e+02 3.180000000000000000e+02
1.146086956521739069e+02 3.190000000000000000e+02
1.150000000000000000e+02 3.197500000000000000e+02
1.151034482758620641e+02 3.200000000000000000e+02
1.155652173913043441e+02 3.210000000000000000e+02
1.160000000000000000e+02 3.217407407407407618e+02
1.161217391304347757e+02 3.220000000000000000e+02
1.165999999999999943e+02 3.230000000000000000e+02
1.170000000000000000e+02 3.237200000000000273e+02
1.171320754716981156e+02 3.240000000000000000e+02
1.176463414634146289e+02 3.250000000000000000e+02
1.180000000000000000e+02 3.255471698113207708e+02
1.182608695652173907e+02 3.260000000000000000e+02
1.189558823529411740e+02 3.270000000000000000e+02
1.190000000000000000e+02 3.270625000000000000e+02
1.195844155844155807e+02 3.280000000000000000e+02
1.200000000000000000e+02 3.285714285714285552e+02
1.202857142857142918e+02 3.290000000000000000e+02
1.210000000000000000e+02 3.299677419354838435e+02
1.210215053763440807e+02 3.300000000000000000e+02
1.216712328767123239e+02 3.310000000000000000e+02
1.220000000000000000e+02 3.314363636363636374e+02
1.223827160493827222e+02 3.320000000000000000e+02
1.230000000000000000e+02 3.328196721311475130e+02
1.231170212765957501e+02 3.330000000000000000e+02
1.238591549295774712e+02 3.340000000000000000e+02
1.240000000000000000e+02 3.341666666666666856e+02
1.246329113924050631e+02 3.350000000000000000e+02
1.250000000000000000e+02 3.353918918918918735e+02
1.255232558139534831e+02 3.360000000000000000e+02
1.260000000000000000e+02 3.365000000000000000e+02
1.264659090909090935e+02 3.370000000000000000e+02
1.270000000000000000e+02 3.375662650602409371e+02
1.274044943820224773e+02 3.380000000000000000e+02
1.280000000000000000e+02 3.386463414634146147e+02
1.283295454545454675e+02 3.390000000000000000e+02
1.290000000000000000e+02 3.396860465116279215e+02
1.293103448275862206e+02 3.400000000000000000e+02
1.300000000000000000e+02 3.406451612903225623e+02
1.303750000000000000e+02 3.410000000000000000e+02
1.310000000000000000e+02 3.415851063829787222e+02
1.314642857142857224e+02 3.420000000000000000e+02
1.320000000000000000e+02 3.424945054945055176e+02
1.326052631578947398e+02 3.430000000000000000e+02
1.330000000000000000e+02 3.433370786516853741e+02
1.338939393939394051e+02 3.440000000000000000e+02
1.340000000000000000e+02 3.440886075949367182e+02
1.350000000000000000e+02 3.448636363636363740e+02
1.351948051948051841e+02 3.450000000000000000e+02
1.360000000000000000e+02 3.456138613861386375e+02
1.367500000000000000e+02 3.460000000000000000e+02
1.370000000000000000e+02 3.461413043478260647e+02
1.380000000000000000e+02 3.465322580645161565e+02
1.390000000000000000e+02 3.466800000000000068e+02
1.400000000000000000e+02 3.466369426751592187e+02
1.410000000000000000e+02 3.464113475177305190e+02
1.418787878787878753e+02 3.460000000000000000e+02
1.420000000000000000e+02 3.459609756097560762e+02
1.430000000000000000e+02 3.455342465753424790e+02
1.438297872340425556e+02 3.450000000000000000e+02
1.440000000000000000e+02 3.449101123595505669e+02
1.450000000000000000e+02 3.444609375000000000e+02
1.460000000000000000e+02 3.440106382978723332e+02
1.460322580645161281e+02 3.440000000000000000e+02
1.470000000000000000e+02 3.437794117647058556e+02
1.480000000000000000e+02 3.435826086956521976e+02
1.490000000000000000e+02 3.433469387755101820e+02
1.498717948717948616e+02 3.430000000000000000e+02
1.500000000000000000e+02 3.429576271186440408e+02
1.510000000000000000e+02 3.425346534653465369e+02
1.520000000000000000e+02 3.420930232558139323e+02
1.523478260869565304e+02 3.420000000000000000e+02
1.530000000000000000e+02 3.418863636363636260e+02
1.540000000000000000e+02 3.418203125000000000e+02
1.550000000000000000e+02 3.417731092436974905e+02
1.560000000000000000e+02 3.416310679611650585e+02
1.570000000000000000e+02 3.413012048192771317e+02
1.575813953488372192e+02 3.410000000000000000e+02
1.580000000000000000e+02 3.408217821782178021e+02
1.590000000000000000e+02 3.404239130434782510e+02
1.599285714285714164e+02 3.400000000000000000e+02
1.600000000000000000e+02 3.399727272727272975e+02
1.610000000000000000e+02 3.395376344086021732e+02
1.619259259259259238e+02 3.390000000000000000e+02
1.620000000000000000e+02 3.389633027522936004e+02
1.630000000000000000e+02 3.384352941176470608e+02
1.636065573770491710e+02 3.380000000000000000e+02
1.640000000000000000e+02 3.376756756756756772e+02
1.646666666666666572e+02 3.370000000000000000e+02
1.650000000000000000e+02 3.366527777777777715e+02
1.656184210526315894e+02 3.360000000000000000e+02
1.660000000000000000e+02 3.356881720430107521e+02
1.667441860465116292e+02 3.350000000000000000e+02
1.670000000000000000e+02 3.347755102040816269e+02
1.678172043010752645e+02 3.340000000000000000e+02
1.680000000000000000e+02 3.338229166666666856e+02
1.689753086419753174e+02 3.330000000000000000e+02
1.690000000000000000e+02 3.329811320754716917e+02
1.700000000000000000e+02 3.324204545454545610e+02
1.707400000000000091e+02 3.320000000000000000e+02
1.710000000000000000e+02 3.318916666666666515e+02
1.720000000000000000e+02 3.313999999999999773e+02
1.725970149253731449e+02 3.310000000000000000e+02
1.730000000000000000e+02 3.307500000000000000e+02
1.740000000000000000e+02 3.300722891566264821e+02
1.741363636363636260e+02 3.300000000000000000e+02
1.750000000000000000e+02 3.295421686746988144e+02
1.760000000000000000e+02 3.291095890410958873e+02
1.762285714285714278e+02 3.290000000000000000e+02
1.770000000000000000e+02 3.284807692307692264e+02
1.775555555555555429e+02 3.280000000000000000e+02
1.778648648648648702e+02 3.270000000000000000e+02
1.770000000000000000e+02 3.260588235294117680e+02
1.769130434782608745e+02 3.260000000000000000e+02
1.760000000000000000e+02 3.256037735849056389e+02
1.750000000000000000e+02 3.251379310344827331e+02
1.747142857142857224e+02 3.250000000000000000e+02
1.740000000000000000e+02 3.246721311475409948e+02
1.730000000000000000e+02 3.243333333333333144e+02
1.720000000000000000e+02 3.240405405405405190e+02
1.718421052631578902e+02 3.240000000000000000e+02
1.710000000000000000e+02 3.237460317460317469e+02
1.700000000000000000e+02 3.235588235294117680e+02
1.690000000000000000e+02 3.233815789473684390e+02
1.680000000000000000e+02 3.231363636363636260e+02
1.675999999999999943e+02 3.230000000000000000e+02
1.670000000000000000e+02 3.227534246575342536e+02
1.660000000000000000e+02 3.223333333333333144e+02
1.651515151515151558e+02 3.220000000000000000e+02
1.650000000000000000e+02 3.219315068493150420e+02
1.640000000000000000e+02 3.214819277108433653e+02
1.630000000000000000e+02 3.211413043478260647e+02
1.624799999999999898e+02 3.210000000000000000e+02
1.620000000000000000e+02 3.208356164383561691e+02
1.610000000000000000e+02 3.204533333333333189e+02
1.600000000000000000e+02 3.200000000000000000e+02
1.590000000000000000e+02 3.194594594594594810e+02
1.580000000000000000e+02 3.190000000000000000e+02
1.570000000000000000e+02 3.185068493150685072e+02
1.560000000000000000e+02 3.180731707317073074e+02
1.558181818181818130e+02 3.180000000000000000e+02
1.550000000000000000e+02 3.176399999999999864e+02
1.540000000000000000e+02 3.172317073170731874e+02
1.534722222222222285e+02 3.170000000000000000e+02
1.530000000000000000e+02 3.167500000000000000e+02
1.520000000000000000e+02 3.161369863013698591e+02
1.518148148148148096e+02 3.160000000000000000e+02
1.510000000000000000e+02 3.153714285714285666e+02
1.504901960784313815e+02 3.150000000000000000e+02
1.500000000000000000e+02 3.146323529411764639e+02
1.490851063829787222e+02 3.140000000000000000e+02
1.490000000000000000e+02 3.139322033898305335e+02
1.480000000000000000e+02 3.131449275362318758e+02
1.478113207547169736e+02 3.130000000000000000e+02
1.470000000000000000e+02 3.123174603174603021e+02
1.466078431372548891e+02 3.120000000000000000e+02
1.460000000000000000e+02 3.114655172413793025e+02
1.454705882352941160e+02 3.110000000000000000e+02
1.450000000000000000e+02 3.105471698113207708e+02
1.444423076923076792e+02 3.100000000000000000e+02
1.440000000000000000e+02 3.095740740740740762e+02
1.433673469387755119e+02 3.090000000000000000e+02
1.430000000000000000e+02 3.086727272727272862e+02
1.423148148148148096e+02 3.080000000000000000e+02
1.420000000000000000e+02 3.076851851851851620e+02
1.414032258064516157e+02 3.070000000000000000e+02
1.410000000000000000e+02 3.065535714285714448e+02
1.405303030303030312e+02 3.060000000000000000e+02
1.400000000000000000e+02 3.053518518518518476e+02
1.397397260273972677e+02 3.050000000000000000e+02
1.390000000000000000e+02 3.040357142857142776e+02
1.389740259740259773e+02 3.040000000000000000e+02
1.382272727272727195e+02 3.030000000000000000e+02
1.380000000000000000e+02 3.027058823529411598e+02
1.375263157894736707e+02 3.020000000000000000e+02
1.370000000000000000e+02 3.011836734693877702e+02
1.368941176470588346e+02 3.010000000000000000e+02
1.362894736842105203e+02 3.000000000000000000e+02
1.360000000000000000e+02 2.995769230769230944e+02
1.356202531645569707e+02 2.990000000000000000e+02
1.350000000000000000e+02 2.981551724137930819e+02
1.348928571428571388e+02 2.980000000000000000e+02
1.341857142857142833e+02 2.970000000000000000e+02
1.340000000000000000e+02 2.967111111111111086e+02
1.336097560975609895e+02 2.960000000000000000e+02
1.331780821917808169e+02 2.950000000000000000e+02
1.330000000000000000e+02 2.945185185185185333e+02
1.328494623655913927e+02 2.940000000000000000e+02
1.325487804878048905e+02 2.930000000000000000e+02
1.321971830985915517e+02 2.920000000000000000e+02
1.320000000000000000e+02 2.914615384615384528e+02
1.318695652173913118e+02 2.910000000000000000e+02
1.315999999999999943e+02 2.900000000000000000e+02
1.312987012987013031e+02 2.890000000000000000e+02
1.310000000000000000e+02 2.881153846153846416e+02
1.309693877551020478e+02 2.880000000000000000e+02
1.307386363636363740e+02 2.870000000000000000e+02
1.305061728395061778e+02 2.860000000000000000e+02
1.302162162162162247e+02 2.850000000000000000e+02
1.300000000000000000e+02 2.843043478260869392e+02
1.299306930693069262e+02 2.840000000000000000e+02
1.297204301075268802e+02 2.830000000000000000e+02
1.295116279069767415e+02 2.820000000000000000e+02
1.292592592592592666e+02 2.810000000000000000e+02
1.290000000000000000e+02 2.801923076923076792e+02
1.289561403508772059e+02 2.800000000000000000e+02
1.287102803738317789e+02 2.790000000000000000e+02
1.284583333333333428e+02 2.780000000000000000e+02
1.282272727272727195e+02 2.770000000000000000e+02
1.280625000000000000e+02 2.760000000000000000e+02
1.280131578947368496e+02 2.750000000000000000e+02
1.280000000000000000e+02 2.748000000000000114e+02
1.279642857142857082e+02 2.740000000000000000e+02
1.278490566037735903e+02 2.730000000000000000e+02
1.276224489795918373e+02 2.720000000000000000e+02
1.273181818181818130e+02 2.710000000000000000e+02
1.270000000000000000e+02 2.702222222222222285e+02
1.269375000000000000e+02 2.700000000000000000e+02
1.265982142857142918e+02 2.690000000000000000e+02
1.261910112359550595e+02 2.680000000000000000e+02
1.260000000000000000e+02 2.675853658536585158e+02
1.257714285714285722e+02 2.670000000000000000e+02
1.252191780821917746e+02 2.660000000000000000e+02
1.250000000000000000e+02 2.657142857142857224e+02
1.243103448275862064e+02 2.650000000000000000e+02
1.240000000000000000e+02 2.647500000000000000e+02
1.230000000000000000e+02 2.641666666666666856e+02
1.227352941176470580e+02 2.640000000000000000e+02
1.220000000000000000e+02 2.634505494505494312e+02
1.215176470588235276e+02 2.630000000000000000e+02
1.210000000000000000e+02 2.623529411764706083e+02
1.207818181818181813e+02 2.620000000000000000e+02
1.203595505617977466e+02 2.610000000000000000e+02
1.200131578947368354e+02 2.600000000000000000e+02
1.200000000000000000e+02 2.599375000000000000e+02
1.198672566371681398e+02 2.590000000000000000e+02
1.198396226415094361e+02 2.580000000000000000e+02
1.199351851851851904e+02 2.570000000000000000e+02
1.200000000000000000e+02 2.567083333333333144e+02
1.202500000000000000e+02 2.560000000000000000e+02
1.207125000000000057e+02 2.550000000000000000e+02
1.210000000000000000e+02 2.545000000000000000e+02
1.213709677419354875e+02 2.540000000000000000e+02
1.220000000000000000e+02 2.530714285714285836e+02
1.220517241379310320e+02 2.530000000000000000e+02
1.226538461538461604e+02 2.520000000000000000e+02
1.230000000000000000e+02 2.511818181818181870e+02
1.230869565217391255e+02 2.510000000000000000e+02
1.235176470588235276e+02 2.500000000000000000e+02
1.238700000000000045e+02 2.490000000000000000e+02
1.240000000000000000e+02 2.485357142857142776e+02
1.241923076923076934e+02 2.480000000000000000e+02
1.244494382022471939e+02 2.470000000000000000e+02
1.246565656565656610e+02 2.460000000000000000e+02
1.247870370370370381e+02 2.450000000000000000e+02
1.248468468468468444e+02 2.440000000000000000e+02
1.248558558558558502e+02 2.430000000000000000e+02
1.248272727272727280e+02 2.420000000000000000e+02
1.248256880733945025e+02 2.410000000000000000e+02
1.248518518518518476e+02 2.400000000000000000e+02
1.249065420560747697e+02 2.390000000000000000e+02
1.249639639639639626e+02 2.380000000000000000e+02
1.250000000000000000e+02 2.376666666666666572e+02
1.251012658227848107e+02 2.370000000000000000e+02
1.252873563218390842e+02 2.360000000000000000e+02
1.254787234042553195e+02 2.350000000000000000e+02
1.256500000000000057e+02 2.340000000000000000e+02
1.258130841121495394e+02 2.330000000000000000e+02
1.260000000000000000e+02 2.320000000000000000e+02
1.263440860215053760e+02 2.310000000000000000e+02
1.266886792452830122e+02 2.300000000000000000e+02
1.270000000000000000e+02 2.290000000000000000e+02
1.274382022471910147e+02 2.280000000000000000e+02
1.278181818181818130e+02 2.270000000000000000e+02
1.280000000000000000e+02 2.265000000000000000e+02
1.282249999999999943e+02 2.260000000000000000e+02
1.286559139784946240e+02 2.250000000000000000e+02
1.290000000000000000e+02 2.241794871794871824e+02
1.290921052631578902e+02 2.240000000000000000e+02
1.296129032258064626e+02 2.230000000000000000e+02
1.300000000000000000e+02 2.220769230769230660e+02
1.300374999999999943e+02 2.220000000000000000e+02
1.305376344086021447e+02 2.210000000000000000e+02
1.309809523809523739e+02 2.200000000000000000e+02
1.310000000000000000e+02 2.199555555555555486e+02
1.314942528735632266e+02 2.190000000000000000e+02
1.318958333333333428e+02 2.180000000000000000e+02
1.320000000000000000e+02 2.177222222222222285e+02
1.323333333333333428e+02 2.170000000000000000e+02
1.327500000000000000e+02 2.160000000000000000e+02
1.330000000000000000e+02 2.153636363636363740e+02
1.331666666666666572e+02 2.150000000000000000e+02
1.336190476190476204e+02 2.140000000000000000e+02
1.340000000000000000e+02 2.132380952380952408e+02
1.341315789473684106e+02 2.130000000000000000e+02
1.347800000000000011e+02 2.120000000000000000e+02
1.350000000000000000e+02 2.116666666666666572e+02
1.355000000000000000e+02 2.110000000000000000e+02
1.360000000000000000e+02 2.102142857142857224e+02
1.361578947368421098e+02 2.100000000000000000e+02
1.367812500000000000e+02 2.090000000000000000e+02
1.370000000000000000e+02 2.086440677966101589e+02
1.374578313253012141e+02 2.080000000000000000e+02
1.380000000000000000e+02 2.072741935483871032e+02
1.382361111111111143e+02 2.070000000000000000e+02
1.390000000000000000e+02 2.060677966101694949e+02
1.390597014925373003e+02 2.060000000000000000e+02
1.398170731707317032e+02 2.050000000000000000e+02
1.400000000000000000e+02 2.047321428571428612e+02
1.405324675324675354e+02 2.040000000000000000e+02
1.410000000000000000e+02 2.033571428571428612e+02
1.412666666666666799e+02 2.030000000000000000e+02
1.420000000000000000e+02 2.020000000000000000e+02
1.427727272727272805e+02 2.010000000000000000e+02
1.430000000000000000e+02 2.006875000000000000e+02
1.435500000000000114e+02 2.000000000000000000e+02
1.440000000000000000e+02 1.993571428571428612e+02
1.442739726027397182e+02 1.990000000000000000e+02
1.449651162790697754e+02 1.980000000000000000e+02
1.450000000000000000e+02 1.979523809523809632e+02
1.457594936708860871e+02 1.970000000000000000e+02
1.460000000000000000e+02 1.967031250000000000e+02
1.465769230769230660e+02 1.960000000000000000e+02
1.470000000000000000e+02 1.954761904761904816e+02
1.474000000000000057e+02 1.950000000000000000e+02
1.480000000000000000e+02 1.942241379310344769e+02
1.481884057971014386e+02 1.940000000000000000e+02
1.490000000000000000e+02 1.930000000000000000e+02
1.499863013698630141e+02 1.920000000000000000e+02
1.500000000000000000e+02 1.919863013698630141e+02
1.509729729729729684e+02 1.910000000000000000e+02
1.510000000000000000e+02 1.909736842105263293e+02
1.519736842105263293e+02 1.900000000000000000e+02
1.520000000000000000e+02 1.899743589743589780e+02
1.529620253164557084e+02 1.890000000000000000e+02
1.530000000000000000e+02 1.889605263157894797e+02
1.539124999999999943e+02 1.880000000000000000e+02
1.540000000000000000e+02 1.879146341463414558e+02
1.550000000000000000e+02 1.870147058823529278e+02
1.550175438596491233e+02 1.870000000000000000e+02
1.560000000000000000e+02 1.862112676056337932e+02
1.562459016393442539e+02 1.860000000000000000e+02
1.570000000000000000e+02 1.853428571428571558e+02
1.573809523809523796e+02 1.850000000000000000e+02
1.580000000000000000e+02 1.844583333333333428e+02
1.585238095238095184e+02 1.840000000000000000e+02
1.590000000000000000e+02 1.835945945945945823e+02
1.596875000000000000e+02 1.830000000000000000e+02
1.600000000000000000e+02 1.827333333333333201e+02
1.609166666666666572e+02 1.820000000000000000e+02
1.610000000000000000e+02 1.819404761904762040e+02
1.620000000000000000e+02 1.813380281690140805e+02
1.625333333333333314e+02 1.810000000000000000e+02
1.630000000000000000e+02 1.807307692307692264e+02
1.640000000000000000e+02 1.800757575757575637e+02
1.641219512195121979e+02 1.800000000000000000e+02
1.650000000000000000e+02 1.795324675324675354e+02
1.660000000000000000e+02 1.791126760563380174e+02
1.663809523809523796e+02 1.790000000000000000e+02
1.670000000000000000e+02 1.788571428571428612e+02
1.680000000000000000e+02 1.786117647058823650e+02
1.690000000000000000e+02 1.782597402597402549e+02
1.695882352941176521e+02 1.780000000000000000e+02
1.700000000000000000e+02 1.778478260869565304e+02
1.710000000000000000e+02 1.774886363636363740e+02
1.720000000000000000e+02 1.771234567901234698e+02
1.722941176470588118e+02 1.770000000000000000e+02
1.730000000000000000e+02 1.767623762376237551e+02
1.740000000000000000e+02 1.763863636363636260e+02
1.750000000000000000e+02 1.760000000000000000e+02
1.760000000000000000e+02 1.757395833333333428e+02
1.770000000000000000e+02 1.754772727272727195e+02
1.780000000000000000e+02 1.752249999999999943e+02
1.789000000000000057e+02 1.750000000000000000e+02
1.790000000000000000e+02 1.749795918367346985e+02
1.800000000000000000e+02 1.748279569892472978e+02
1.810000000000000000e+02 1.747011494252873547e+02
1.820000000000000000e+02 1.745443037974683591e+02
1.830000000000000000e+02 1.743098591549295691e+02
1.839166666666666572e+02 1.740000000000000000e+02
1.840000000000000000e+02 1.739793814432989620e+02
1.850000000000000000e+02 1.738085106382978609e+02
1.860000000000000000e+02 1.737553191489361666e+02
1.870000000000000000e+02 1.737526881720430083e+02
1.880000000000000000e+02 1.736989247311827853e+02
1.890000000000000000e+02 1.735934065934065984e+02
1.900000000000000000e+02 1.734886363636363740e+02
1.910000000000000000e+02 1.733827160493827080e+02
1.920000000000000000e+02 1.732027027027027088e+02
1.927500000000000000e+02 1.730000000000000000e+02
1.930000000000000000e+02 1.729489795918367463e+02
1.940000000000000000e+02 1.727032967032967008e+02
1.950000000000000000e+02 1.724597701149425291e+02
1.960000000000000000e+02 1.722592592592592666e+02
1.970000000000000000e+02 1.721052631578947398e+02
1.976666666666666572e+02 1.720000000000000000e+02
1.980000000000000000e+02 1.719591836734693970e+02
1.990000000000000000e+02 1.718152173913043441e+02
2.000000000000000000e+02 1.716477272727272805e+02
2.010000000000000000e+02 1.714698795180722755e+02
2.020000000000000000e+02 1.713333333333333428e+02
2.030000000000000000e+02 1.711944444444444571e+02
2.040000000000000000e+02 1.710454545454545325e+02
2.042727272727272805e+02 1.710000000000000000e+02
2.050000000000000000e+02 1.709024390243902474e+02
2.060000000000000000e+02 1.707368421052631504e+02
2.070000000000000000e+02 1.706027397260274086e+02
2.080000000000000000e+02 1.705342465753424790e+02
2.090000000000000000e+02 1.704861111111111143e+02
2.100000000000000000e+02 1.704202898550724683e+02
2.110000000000000000e+02 1.703529411764705799e+02
2.120000000000000000e+02 1.703529411764705799e+02
2.130000000000000000e+02 1.704084507042253449e+02
2.140000000000000000e+02 1.704864864864864842e+02
2.150000000000000000e+02 1.705394736842105203e+02
2.160000000000000000e+02 1.706075949367088640e+02
2.170000000000000000e+02 1.707023809523809632e+02
2.180000000000000000e+02 1.707802197802197668e+02
2.190000000000000000e+02 1.708300000000000125e+02
2.200000000000000000e+02 1.709056603773584868e+02
2.207692307692307736e+02 1.710000000000000000e+02
2.210000000000000000e+02 1.710405405405405475e+02
2.220000000000000000e+02 1.712911392405063395e+02
2.230000000000000000e+02 1.715632183908045931e+02
2.240000000000000000e+02 1.718297872340425556e+02
2.245714285714285836e+02 1.720000000000000000e+02
2.250000000000000000e+02 1.721666666666666572e+02
2.260000000000000000e+02 1.725882352941176521e+02
2.270000000000000000e+02 1.729687500000000000e+02
2.270857142857142890e+02 1.730000000000000000e+02
2.280000000000000000e+02 1.733678160919540119e+02
2.290000000000000000e+02 1.737156862745098067e+02
2.298285714285714221e+02 1.740000000000000000e+02
2.300000000000000000e+02 1.740705882352941103e+02
2.310000000000000000e+02 1.744795918367346985e+02
2.320000000000000000e+02 1.747946428571428612e+02
2.328846153846153868e+02 1.750000000000000000e+02
2.330000000000000000e+02 1.750344827586206975e+02
2.340000000000000000e+02 1.752424242424242493e+02
2.350000000000000000e+02 1.753584905660377444e+02
2.360000000000000000e+02 1.754537037037036953e+02
2.370000000000000000e+02 1.756415094339622556e+02
2.377755102040816269e+02 1.760000000000000000e+02
2.380000000000000000e+02 1.761617647058823479e+02
2.388507462686567067e+02 1.770000000000000000e+02
2.390000000000000000e+02 1.771470588235294201e+02
2.400000000000000000e+02 1.780000000000000000e+02
2.410000000000000000e+02 1.786666666666666572e+02
2.417272727272727195e+02 1.790000000000000000e+02
2.420000000000000000e+02 1.791481481481481524e+02
2.430000000000000000e+02 1.796494845360824684e+02
2.438947368421052602e+02 1.800000000000000000e+02
2.440000000000000000e+02 1.800540540540540633e+02
2.450000000000000000e+02 1.804886363636363740e+02
2.460000000000000000e+02 1.808137254901960773e+02
2.466333333333333258e+02 1.810000000000000000e+02
2.470000000000000000e+02 1.811358024691357969e+02
2.480000000000000000e+02 1.814838709677419217e+02
2.490000000000000000e+02 1.817619047619047592e+02
2.500000000000000000e+02 1.819909090909090992e+02
2.500454545454545325e+02 1.820000000000000000e+02
2.510000000000000000e+02 1.822692307692307736e+02
2.520000000000000000e+02 1.826190476190476204e+02
2.528205128205128176e+02 1.830000000000000000e+02
2.530000000000000000e+02 1.830958904109589014e+02
2.540000000000000000e+02 1.836111111111111143e+02
2.550000000000000000e+02 1.839607843137254974e+02
2.551538461538461604e+02 1.840000000000000000e+02
2.560000000000000000e+02 1.842650602409638623e+02
2.570000000000000000e+02 1.845568181818181870e+02
2.580000000000000000e+02 1.848586956521739069e+02
2.585199999999999818e+02 1.850000000000000000e+02
2.590000000000000000e+02 1.851666666666666572e+02
2.600000000000000000e+02 1.854210526315789593e+02
2.610000000000000000e+02 1.856202531645569707e+02
2.620000000000000000e+02 1.858214285714285836e+02
2.629375000000000000e+02 1.860000000000000000e+02
2.630000000000000000e+02 1.860144927536231876e+02
2.640000000000000000e+02 1.861643835616438309e+02
2.650000000000000000e+02 1.862784810126582329e+02
2.660000000000000000e+02 1.863536585365853568e+02
2.670000000000000000e+02 1.863333333333333428e+02
2.680000000000000000e+02 1.861558441558441643e+02
2.685714285714285552e+02 1.860000000000000000e+02
2.690000000000000000e+02 1.859081632653061149e+02
2.700000000000000000e+02 1.857840909090909065e+02
2.710000000000000000e+02 1.858205128205128176e+02
2.720000000000000000e+02 1.859600000000000080e+02
2.722727272727272521e+02 1.860000000000000000e+02
2.730000000000000000e+02 1.861290322580645125e+02
2.740000000000000000e+02 1.864202898550724683e+02
2.750000000000000000e+02 1.869268292682926926e+02
2.751250000000000000e+02 1.870000000000000000e+02
2.760000000000000000e+02 1.875316455696202524e+02
2.770000000000000000e+02 1.879569892473118387e+02
2.771428571428571672e+02 1.880000000000000000e+02
2.780000000000000000e+02 1.883000000000000114e+02
2.790000000000000000e+02 1.885714285714285836e+02
2.800000000000000000e+02 1.888139534883721069e+02
2.808421052631579187e+02 1.890000000000000000e+02
2.810000000000000000e+02 1.890434782608695627e+02
2.820000000000000000e+02 1.893055555555555429e+02
2.830000000000000000e+02 1.894583333333333428e+02
2.840000000000000000e+02 1.894084507042253449e+02
2.850000000000000000e+02 1.890937500000000000e+02
2.852500000000000000e+02 1.890000000000000000e+02
2.860000000000000000e+02 1.887272727272727195e+02
2.870000000000000000e+02 1.888000000000000114e+02
2.872131147540983420e+02 1.890000000000000000e+02
2.880000000000000000e+02 1.897619047619047592e+02
2.881724137931034306e+02 1.900000000000000000e+02
2.889852941176470722e+02 1.910000000000000000e+02
2.890000000000000000e+02 1.910166666666666799e+02
2.899516129032257936e+02 1.920000000000000000e+02
2.900000000000000000e+02 1.920468750000000000e+02
2.910000000000000000e+02 1.929124999999999943e+02
2.911147540983606632e+02 1.930000000000000000e+02
2.920000000000000000e+02 1.937397260273972677e+02
2.923653846153846416e+02 1.940000000000000000e+02
2.930000000000000000e+02 1.944782608695652186e+02
2.938780487804878021e+02 1.950000000000000000e+02
2.940000000000000000e+02 1.950793650793650897e+02
2.950000000000000000e+02 1.956478873239436496e+02
2.956756756756756772e+02 1.960000000000000000e+02
2.960000000000000000e+02 1.961935483870967687e+02
2.970000000000000000e+02 1.967500000000000000e+02
2.975000000000000000e+02 1.970000000000000000e+02
2.980000000000000000e+02 1.972615384615384642e+02
2.990000000000000000e+02 1.977599999999999909e+02
2.994186046511628092e+02 1.980000000000000000e+02
3.000000000000000000e+02 1.983676470588235361e+02
3.009148936170212778e+02 1.990000000000000000e+02
3.010000000000000000e+02 1.990655737704917954e+02
3.020000000000000000e+02 1.999466666666666583e+02
3.020540540540540633e+02 2.000000000000000000e+02
3.030000000000000000e+02 2.009859154929577585e+02
3.030126582278480782e+02 2.010000000000000000e+02
3.039016393442623212e+02 2.020000000000000000e+02
3.040000000000000000e+02 2.021052631578947398e+02
3.048500000000000227e+02 2.030000000000000000e+02
3.050000000000000000e+02 2.031428571428571388e+02
3.059642857142857224e+02 2.040000000000000000e+02
3.060000000000000000e+02 2.040322580645161281e+02
3.070000000000000000e+02 2.049871794871794748e+02
3.070129870129870255e+02 2.050000000000000000e+02
3.080000000000000000e+02 2.059499999999999886e+02
3.080533333333333417e+02 2.060000000000000000e+02
3.090000000000000000e+02 2.068874999999999886e+02
3.091184210526315610e+02 2.070000000000000000e+02
3.100000000000000000e+02 2.079054054054054177e+02
3.100853658536585158e+02 2.080000000000000000e+02
3.110000000000000000e+02 2.090000000000000000e+02
3.119062500000000000e+02 2.100000000000000000e+02
3.120000000000000000e+02 2.100999999999999943e+02
3.128059701492537101e+02 2.110000000000000000e+02
3.130000000000000000e+02 2.112241379310344769e+02
3.136338028169014365e+02 2.120000000000000000e+02
3.140000000000000000e+02 2.124262295081967125e+02
3.145147058823529278e+02 2.130000000000000000e+02
3.150000000000000000e+02 2.135076923076923094e+02
3.154637681159420026e+02 2.140000000000000000e+02
3.160000000000000000e+02 2.145211267605633907e+02
3.165074626865671803e+02 2.150000000000000000e+02
3.170000000000000000e+02 2.154520547945205351e+02
3.175970149253731165e+02 2.160000000000000000e+02
3.180000000000000000e+02 2.163802816901408335e+02
3.186666666666666856e+02 2.170000000000000000e+02
3.190000000000000000e+02 2.173098591549295691e+02
3.197777777777777715e+02 2.180000000000000000e+02
3.200000000000000000e+02 2.181944444444444571e+02
3.209508196721311606e+02 2.190000000000000000e+02
3.210000000000000000e+02 2.190434782608695627e+02
3.220000000000000000e+02 2.199659090909090935e+02
3.220352941176470836e+02 2.200000000000000000e+02
3.230000000000000000e+02 2.209534883720930338e+02
3.230439560439560296e+02 2.210000000000000000e+02
3.239714285714285893e+02 2.220000000000000000e+02
3.240000000000000000e+02 2.220327868852459119e+02
3.247763157894736992e+02 2.230000000000000000e+02
3.250000000000000000e+02 2.233207547169811278e+02
3.254337349397590629e+02 2.240000000000000000e+02
3.260000000000000000e+02 2.248392857142857224e+02
3.260989010989010808e+02 2.250000000000000000e+02
3.267323943661971839e+02 2.260000000000000000e+02
3.270000000000000000e+02 2.263799999999999955e+02
3.273734939759036138e+02 2.270000000000000000e+02
3.280000000000000000e+02 2.278813559322033768e+02
3.280686274509803866e+02 2.280000000000000000e+02
3.286626506024096557e+02 2.290000000000000000e+02
3.290000000000000000e+02 2.295000000000000000e+02
3.292545454545454504e+02 2.300000000000000000e+02
3.297444444444444684e+02 2.310000000000000000e+02
3.300000000000000000e+02 2.314893617021276668e+02
3.302051282051282328e+02 2.320000000000000000e+02
3.306326530612245165e+02 2.330000000000000000e+02
3.310000000000000000e+02 2.337346938775510239e+02
3.311023622047243862e+02 2.340000000000000000e+02
3.314864864864865126e+02 2.350000000000000000e+02
3.318842105263157691e+02 2.360000000000000000e+02
3.320000000000000000e+02 2.362894736842105203e+02
3.322288135593220204e+02 2.370000000000000000e+02
3.325799999999999841e+02 2.380000000000000000e+02
3.330000000000000000e+02 2.390000000000000000e+02
3.333238095238095298e+02 2.400000000000000000e+02
3.336590909090909349e+02 2.410000000000000000e+02
3.339866666666666788e+02 2.420000000000000000e+02
3.340000000000000000e+02 2.420714285714285836e+02
3.341150442477876368e+02 2.430000000000000000e+02
3.340803571428571672e+02 2.440000000000000000e+02
3.340000000000000000e+02 2.444285714285714164e+02
3.338481012658227769e+02 2.450000000000000000e+02
3.335217391304348098e+02 2.460000000000000000e+02
3.332407407407407618e+02 2.470000000000000000e+02
3.330000000000000000e+02 2.478666666666666742e+02
3.329499999999999886e+02 2.480000000000000000e+02
3.325483870967742064e+02 2.490000000000000000e+02
3.321999999999999886e+02 2.500000000000000000e+02
3.320000000000000000e+02 2.505833333333333428e+02
3.317945205479451829e+02 2.510000000000000000e+02
3.312891566265060419e+02 2.520000000000000000e+02
3.310000000000000000e+02 2.525999999999999943e+02
3.307611940298507420e+02 2.530000000000000000e+02
3.303291139240506595e+02 2.540000000000000000e+02
3.300000000000000000e+02 2.549285714285714164e+02
3.299677419354838435e+02 2.550000000000000000e+02
3.294722222222222285e+02 2.560000000000000000e+02
3.290595238095237960e+02 2.570000000000000000e+02
3.290000000000000000e+02 2.571515151515151274e+02
3.285942028985507477e+02 2.580000000000000000e+02
3.282179487179487296e+02 2.590000000000000000e+02
3.280000000000000000e+02 2.597727272727272521e+02
3.279180327868852487e+02 2.600000000000000000e+02
3.275757575757575637e+02 2.610000000000000000e+02
3.271891891891891646e+02 2.620000000000000000e+02
3.270000000000000000e+02 2.624242424242424363e+02
3.266935483870967687e+02 2.630000000000000000e+02
3.262083333333333144e+02 2.640000000000000000e+02
3.260000000000000000e+02 2.644411764705882320e+02
3.256833333333333371e+02 2.650000000000000000e+02
3.251944444444444571e+02 2.660000000000000000e+02
3.250000000000000000e+02 2.664666666666666401e+02
3.247647058823529278e+02 2.670000000000000000e+02
3.243333333333333144e+02 2.680000000000000000e+02
3.240000000000000000e+02 2.686666666666666856e+02
3.238169014084506898e+02 2.690000000000000000e+02
3.232023809523809632e+02 2.700000000000000000e+02
3.230000000000000000e+02 2.703399999999999750e+02
3.225769230769230944e+02 2.710000000000000000e+02
3.220760869565217490e+02 2.720000000000000000e+02
3.220000000000000000e+02 2.721627906976744384e+02
3.215714285714285552e+02 2.730000000000000000e+02
3.210808080808080831e+02 2.740000000000000000e+02
3.210000000000000000e+02 2.741600000000000250e+02
3.205483870967742064e+02 2.750000000000000000e+02
3.201081081081081265e+02 2.760000000000000000e+02
3.200000000000000000e+02 2.762500000000000000e+02
3.196326530612245165e+02 2.770000000000000000e+02
3.191452991452991341e+02 2.780000000000000000e+02
3.190000000000000000e+02 2.782575757575757507e+02
3.185050505050505194e+02 2.790000000000000000e+02
3.180000000000000000e+02 2.797575757575757507e+02
3.178181818181818130e+02 2.800000000000000000e+02
3.171239669421487406e+02 2.810000000000000000e+02
3.170000000000000000e+02 2.811744186046511800e+02
3.163238095238095298e+02 2.820000000000000000e+02
3.160000000000000000e+02 2.823908045977011625e+02
3.153908045977011625e+02 2.830000000000000000e+02
3.150000000000000000e+02 2.834047619047619264e+02
3.143902439024390105e+02 2.840000000000000000e+02
3.140000000000000000e+02 2.843855421686747036e+02
3.133544303797468160e+02 2.850000000000000000e+02
3.130000000000000000e+02 2.853373493975903443e+02
3.122666666666666515e+02 2.860000000000000000e+02
3.120000000000000000e+02 2.862272727272727479e+02
3.110810810810810949e+02 2.870000000000000000e+02
3.110000000000000000e+02 2.870659340659340728e+02
3.100000000000000000e+02 2.878285714285714221e+02
3.097647058823529278e+02 2.880000000000000000e+02
3.090000000000000000e+02 2.885199999999999818e+02
3.083207547169811278e+02 2.890000000000000000e+02
3.080000000000000000e+02 2.892266666666666879e+02
3.070333333333333599e+02 2.900000000000000000e+02
3.070000000000000000e+02 2.900266666666666424e+02
3.060000000000000000e+02 2.908360655737704974e+02
3.058113207547169736e+02 2.910000000000000000e+02
3.050000000000000000e+02 2.915890410958904226e+02
3.044736842105263008e+02 2.920000000000000000e+02
3.040000000000000000e+02 2.923374999999999773e+02
3.032205882352941444e+02 2.930000000000000000e+02
3.030000000000000000e+02 2.931851851851851620e+02
3.021315789473684390e+02 2.940000000000000000e+02
3.020000000000000000e+02 2.941136363636363740e+02
3.010000000000000000e+02 2.949565217391304373e+02
3.009454545454545382e+02 2.950000000000000000e+02
3.000000000000000000e+02 2.956842105263157805e+02
2.996065573770491710e+02 2.960000000000000000e+02
2.990000000000000000e+02 2.964683544303797476e+02
2.983913043478260647e+02 2.970000000000000000e+02
2.980000000000000000e+02 2.973600000000000136e+02
2.973684210526315610e+02 2.980000000000000000e+02
2.970000000000000000e+02 2.984307692307692150e+02
2.965194805194805099e+02 2.990000000000000000e+02
2.960000000000000000e+02 2.996349206349206611e+02
2.956891891891891646e+02 3.000000000000000000e+02
2.950000000000000000e+02 3.009444444444444571e+02
2.949538461538461434e+02 3.010000000000000000e+02
2.942117647058823309e+02 3.020000000000000000e+02
2.940000000000000000e+02 3.023157894736842195e+02
2.934935064935065157e+02 3.030000000000000000e+02
2.930000000000000000e+02 3.036909090909090878e+02
2.927638888888889142e+02 3.040000000000000000e+02
2.920217391304348098e+02 3.050000000000000000e+02
2.920000000000000000e+02 3.050303030303030027e+02
2.913043478260869392e+02 3.060000000000000000e+02
2.910000000000000000e+02 3.064666666666666401e+02
2.905733333333333235e+02 3.070000000000000000e+02
2.900000000000000000e+02 3.076825396825396979e+02
2.896363636363636260e+02 3.080000000000000000e+02
2.890000000000000000e+02 3.084929577464788508e+02
2.882340425531915002e+02 3.090000000000000000e+02
2.880000000000000000e+02 3.091392405063290880e+02
2.870000000000000000e+02 3.096619718309859195e+02
2.864146341463414842e+02 3.100000000000000000e+02
2.860000000000000000e+02 3.102023809523809632e+02
2.850000000000000000e+02 3.108260869565217490e+02
2.847692307692307736e+02 3.110000000000000000e+02
2.840000000000000000e+02 3.114878048780487916e+02
2.832631578947368212e+02 3.120000000000000000e+02
2.830000000000000000e+02 3.121428571428571672e+02
2.820000000000000000e+02 3.126551724137930819e+02
2.813999999999999773e+02 3.130000000000000000e+02
2.810000000000000000e+02 3.131980198019801946e+02
2.800000000000000000e+02 3.137733333333333121e+02
2.796382978723404449e+02 3.140000000000000000e+02
2.790000000000000000e+02 3.143370786516853741e+02
2.780000000000000000e+02 3.148000000000000114e+02
2.774230769230769056e+02 3.150000000000000000e+02
2.770000000000000000e+02 3.151018518518518476e+02
2.760000000000000000e+02 3.152815533980582359e+02
2.750000000000000000e+02 3.154705882352941444e+02
2.740000000000000000e+02 3.156632653061224687e+02
2.730000000000000000e+02 3.158526315789473529e+02
2.723333333333333144e+02 3.160000000000000000e+02
2.720000000000000000e+02 3.160546875000000000e+02
2.710000000000000000e+02 3.162478632478632221e+02
2.700000000000000000e+02 3.164903846153846416e+02
2.690000000000000000e+02 3.167692307692307736e+02
2.682758620689655231e+02 3.170000000000000000e+02
2.680000000000000000e+02 3.170666666666666629e+02
2.670000000000000000e+02 3.173737373737373559e+02
2.660000000000000000e+02 3.178024691358024825e+02
2.654666666666666401e+02 3.180000000000000000e+02
2.650000000000000000e+02 3.181346153846153584e+02
2.640000000000000000e+02 3.181899999999999977e+02
2.630000000000000000e+02 3.180679611650485299e+02
2.623636363636363740e+02 3.180000000000000000e+02
2.620000000000000000e+02 3.179499999999999886e+02
2.610000000000000000e+02 3.179493670886075734e+02
2.607647058823529278e+02 3.180000000000000000e+02
2.600000000000000000e+02 3.181274509803921546e+02
2.590000000000000000e+02 3.184719101123595237e+02
2.580784313725490051e+02 3.190000000000000000e+02
2.580000000000000000e+02 3.190465116279069662e+02
2.570000000000000000e+02 3.195584415584415865e+02
2.560000000000000000e+02 3.197023809523809632e+02
2.550000000000000000e+02 3.195151515151515014e+02
2.540000000000000000e+02 3.193008849557522240e+02
2.530000000000000000e+02 3.191379310344827331e+02
2.520000000000000000e+02 3.190366972477063996e+02
2.510000000000000000e+02 3.190500000000000114e+02
2.500000000000000000e+02 3.191758241758241752e+02
2.490000000000000000e+02 3.193999999999999773e+02
2.480000000000000000e+02 3.196455696202531840e+02
2.470000000000000000e+02 3.198666666666666742e+02
2.464117647058823479e+02 3.200000000000000000e+02
2.460000000000000000e+02 3.200744680851063890e+02
2.450000000000000000e+02 3.202391304347826235e+02
2.440000000000000000e+02 3.204044943820224489e+02
2.430000000000000000e+02 3.206309523809524080e+02
2.420000000000000000e+02 3.209594594594594810e+02
2.418965517241379359e+02 3.210000000000000000e+02
2.410000000000000000e+02 3.213058823529411825e+02
2.400000000000000000e+02 3.216097560975609895e+02
2.390000000000000000e+02 3.218481012658227769e+02
2.383684210526315894e+02 3.220000000000000000e+02
2.380000000000000000e+02 3.220736842105263236e+02
2.370000000000000000e+02 3.223294117647058670e+02
2.360000000000000000e+02 3.226578947368420813e+02
2.350370370370370381e+02 3.230000000000000000e+02
2.350000000000000000e+02 3.230128205128204968e+02
2.340000000000000000e+02 3.233698630136986480e+02
2.330000000000000000e+02 3.238888888888889142e+02
2.328409090909090935e+02 3.240000000000000000e+02
2.320000000000000000e+02 3.247115384615384528e+02
2.316739130434782510e+02 3.250000000000000000e+02
2.310000000000000000e+02 3.257045454545454390e+02
2.305000000000000000e+02 3.260000000000000000e+02
2.300000000000000000e+02 3.261477272727272521e+02
2.290000000000000000e+02 3.262380952380952408e+02
2.280000000000000000e+02 3.262192982456140271e+02
2.270000000000000000e+02 3.261848739495798100e+02
2.260000000000000000e+02 3.261826086956521635e+02
2.250000000000000000e+02 3.262314814814814667e+02
2.240000000000000000e+02 3.263039215686274588e+02
2.230000000000000000e+02 3.264226804123711076e+02
2.220000000000000000e+02 3.266086956521739353e+02
2.210000000000000000e+02 3.268902439024390105e+02
2.206896551724137794e+02 3.270000000000000000e+02
2.200000000000000000e+02 3.272197802197802048e+02
2.190000000000000000e+02 3.276969696969696884e+02
2.185348837209302246e+02 3.280000000000000000e+02
2.180540540540540633e+02 3.290000000000000000e+02
2.182222222222222285e+02 3.300000000000000000e+02
2.186868686868686780e+02 3.310000000000000000e+02
2.190000000000000000e+02 3.314025974025973937e+02
2.194259259259259238e+02 3.320000000000000000e+02
2.200000000000000000e+02 3.325486725663716925e+02
2.207083333333333428e+02 3.330000000000000000e+02
2.210000000000000000e+02 3.331858407079645872e+02
2.220000000000000000e+02 3.336258992805755383e+02
2.230000000000000000e+02 3.339673202614379193e+02
2.230943396226415132e+02 3.340000000000000000e+02
2.240000000000000000e+02 3.344247787610619298e+02
2.250000000000000000e+02 3.347835820895522261e+02
2.255918367346938851e+02 3.350000000000000000e+02
2.260000000000000000e+02 3.352040816326530717e+02
2.270000000000000000e+02 3.357985074626865867e+02
2.272842105263158032e+02 3.360000000000000000e+02
2.280000000000000000e+02 3.365714285714285552e+02
2.285930232558139608e+02 3.370000000000000000e+02
2.290000000000000000e+02 3.373431372549019329e+02
2.300000000000000000e+02 3.380000000000000000e+02
2.310000000000000000e+02 3.386416666666666515e+02
2.319148936170212778e+02 3.390000000000000000e+02
2.320000000000000000e+02 3.390454545454545610e+02
2.330000000000000000e+02 3.395181818181818016e+02
2.340000000000000000e+02 3.399384615384615245e+02
2.341230769230769226e+02 3.400000000000000000e+02
2.350000000000000000e+02 3.405377358490566166e+02
2.357656250000000000e+02 3.410000000000000000e+02
2.360000000000000000e+02 3.411612903225806690e+02
2.370000000000000000e+02 3.418253968253968083e+02
2.372750000000000057e+02 3.420000000000000000e+02
2.380000000000000000e+02 3.425321100917431068e+02
2.386623376623376487e+02 3.430000000000000000e+02
2.390000000000000000e+02 3.432921348314606576e+02
2.398630136986301409e+02 3.440000000000000000e+02
2.400000000000000000e+02 3.441086956521739353e+02
2.410000000000000000e+02 3.448731343283582191e+02
2.411734693877550910e+02 3.450000000000000000e+02
2.420000000000000000e+02 3.456000000000000227e+02
2.427012987012986969e+02 3.460000000000000000e+02
2.430000000000000000e+02 3.461854838709677438e+02
2.440000000000000000e+02 3.466627906976744384e+02
2.450000000000000000e+02 3.469765258215962263e+02
2.450781250000000000e+02 3.470000000000000000e+02
2.460000000000000000e+02 3.473687499999999773e+02
2.470000000000000000e+02 3.477070707070707272e+02
2.480000000000000000e+02 3.479784482758620925e+02
2.480961538461538396e+02 3.480000000000000000e+02
2.490000000000000000e+02 3.483286713286713052e+02
2.500000000000000000e+02 3.485222929936305718e+02
2.510000000000000000e+02 3.486075949367088356e+02
2.520000000000000000e+02 3.486200000000000045e+02
2.530000000000000000e+02 3.485808823529411598e+02
2.540000000000000000e+02 3.484750000000000227e+02
2.550000000000000000e+02 3.482666666666666515e+02
2.559032258064516157e+02 3.480000000000000000e+02
2.560000000000000000e+02 3.479781021897809978e+02
2.570000000000000000e+02 3.477355371900826526e+02
2.580000000000000000e+02 3.474766355140187102e+02
2.590000000000000000e+02 3.472291666666666856e+02
2.599166666666666856e+02 3.470000000000000000e+02
2.600000000000000000e+02 3.469864864864865126e+02
2.610000000000000000e+02 3.468283582089552510e+02
2.620000000000000000e+02 3.466239316239316395e+02
2.630000000000000000e+02 3.463500000000000227e+02
2.638974358974359120e+02 3.460000000000000000e+02
2.640000000000000000e+02 3.459712230215827162e+02
2.650000000000000000e+02 3.456776859504132062e+02
2.660000000000000000e+02 3.453461538461538680e+02
2.669230769230769056e+02 3.450000000000000000e+02
2.670000000000000000e+02 3.449790209790209587e+02
2.680000000000000000e+02 3.447177419354838435e+02
2.690000000000000000e+02 3.444537037037036953e+02
2.700000000000000000e+02 3.441702127659574444e+02
2.705925925925926094e+02 3.440000000000000000e+02
2.710000000000000000e+02 3.439225352112675864e+02
2.720000000000000000e+02 3.437656250000000000e+02
2.730000000000000000e+02 3.436371681415928947e+02
2.740000000000000000e+02 3.434951456310679418e+02
2.750000000000000000e+02 3.432978723404255561e+02
2.760000000000000000e+02 3.430697674418604493e+02
2.763000000000000114e+02 3.430000000000000000e+02
2.770000000000000000e+02 3.429014084507042526e+02
2.780000000000000000e+02 3.427769230769230830e+02
2.790000000000000000e+02 3.426440677966101589e+02
2.800000000000000000e+02 3.424722222222222285e+02
2.810000000000000000e+02 3.422577319587628608e+02
2.820000000000000000e+02 3.420000000000000000e+02
2.830000000000000000e+02 3.418225806451612812e+02
2.840000000000000000e+02 3.416190476190475920e+02
2.850000000000000000e+02 3.413522727272727479e+02
2.860000000000000000e+02 3.410133333333333212e+02
2.860357142857142776e+02 3.410000000000000000e+02
2.870000000000000000e+02 3.407403846153846416e+02
2.880000000000000000e+02 3.403636363636363740e+02
2.886956521739130608e+02 3.400000000000000000e+02
2.890000000000000000e+02 3.398727272727272748e+02
2.900000000000000000e+02 3.393764705882352928e+02
2.906399999999999864e+02 3.390000000000000000e+02
2.910000000000000000e+02 3.388434782608695741e+02
2.920000000000000000e+02 3.385000000000000000e+02
2.930000000000000000e+02 3.382022471910112245e+02
2.935806451612903061e+02 3.380000000000000000e+02
2.940000000000000000e+02 3.378960000000000150e+02
2.950000000000000000e+02 3.375714285714285552e+02
2.960000000000000000e+02 3.370740740740740762e+02
2.961276595744681117e+02 3.370000000000000000e+02
2.970000000000000000e+02 3.365232558139534831e+02
2.977627118644067536e+02 3.360000000000000000e+02
2.980000000000000000e+02 3.358292682926829116e+02
2.990000000000000000e+02 3.351791044776119293e+02
2.992926829268292863e+02 3.350000000000000000e+02
3.000000000000000000e+02 3.346184210526315610e+02
3.009591836734693970e+02 3.340000000000000000e+02
3.010000000000000000e+02 3.339759036144578204e+02
3.020000000000000000e+02 3.332461538461538453e+02
3.023137254901960773e+02 3.330000000000000000e+02
3.030000000000000000e+02 3.325394736842105203e+02
3.038723404255318883e+02 3.320000000000000000e+02
3.040000000000000000e+02 3.319449541284403722e+02
3.050000000000000000e+02 3.316041666666666856e+02
3.060000000000000000e+02 3.312124999999999773e+02
3.064250000000000114e+02 3.310000000000000000e+02
3.070000000000000000e+02 3.307699999999999818e+02
3.080000000000000000e+02 3.302289156626505928e+02
3.083584905660377444e+02 3.300000000000000000e+02
3.090000000000000000e+02 3.296666666666666856e+02
3.100000000000000000e+02 3.290813953488371908e+02
3.101296296296296191e+02 3.290000000000000000e+02
3.110000000000000000e+02 3.285392156862745310e+02
3.118593750000000000e+02 3.280000000000000000e+02
3.120000000000000000e+02 3.279217391304347871e+02
3.130000000000000000e+02 3.273333333333333144e+02
3.134923076923076906e+02 3.270000000000000000e+02
3.140000000000000000e+02 3.266857142857143117e+02
3.150000000000000000e+02 3.260114942528735469e+02
3.150175438596490949e+02 3.260000000000000000e+02
3.160000000000000000e+02 3.254166666666666856e+02
3.166349206349206611e+02 3.250000000000000000e+02
3.170000000000000000e+02 3.247722772277227818e+02
3.180000000000000000e+02 3.240500000000000114e+02
3.180666666666666629e+02 3.240000000000000000e+02
3.190000000000000000e+02 3.233086419753086602e+02
3.193906250000000000e+02 3.230000000000000000e+02
3.200000000000000000e+02 3.225617977528090137e+02
3.207692307692307736e+02 3.220000000000000000e+02
3.210000000000000000e+02 3.218404255319148888e+02
3.220000000000000000e+02 3.211184210526315610e+02
3.221525423728813280e+02 3.210000000000000000e+02
3.230000000000000000e+02 3.203750000000000000e+02
3.234225352112675864e+02 3.200000000000000000e+02
3.240000000000000000e+02 3.195232558139534831e+02
3.245555555555555429e+02 3.190000000000000000e+02
3.250000000000000000e+02 3.186326530612245165e+02
3.257560975609756042e+02 3.180000000000000000e+02
3.260000000000000000e+02 3.178148148148148380e+02
3.270000000000000000e+02 3.170116279069767415e+02
3.270135135135134874e+02 3.170000000000000000e+02
3.280000000000000000e+02 3.161888888888888687e+02
3.282098765432098730e+02 3.160000000000000000e+02
3.290000000000000000e+02 3.153043478260869392e+02
3.293414634146341200e+02 3.150000000000000000e+02
3.300000000000000000e+02 3.144489795918367463e+02
3.305500000000000114e+02 3.140000000000000000e+02
3.310000000000000000e+02 3.136435643564356610e+02
3.317647058823529278e+02 3.130000000000000000e+02
3.320000000000000000e+02 3.127959183673469283e+02
3.328666666666666742e+02 3.120000000000000000e+02
3.330000000000000000e+02 3.118799999999999955e+02
3.339263157894736764e+02 3.110000000000000000e+02
3.340000000000000000e+02 3.109326923076923208e+02
3.349797979797979792e+02 3.100000000000000000e+02
3.350000000000000000e+02 3.099801980198020033e+02
3.359611650485437053e+02 3.090000000000000000e+02
3.360000000000000000e+02 3.089595959595959584e+02
3.369134615384615472e+02 3.080000000000000000e+02
3.370000000000000000e+02 3.079072164948453860e+02
3.378627450980392268e+02 3.070000000000000000e+02
3.380000000000000000e+02 3.068494623655914211e+02
3.387596153846153584e+02 3.060000000000000000e+02
3.390000000000000000e+02 3.057222222222222285e+02
3.396132075471697931e+02 3.050000000000000000e+02
3.400000000000000000e+02 3.045119047619047592e+02
3.404095238095238187e+02 3.040000000000000000e+02
3.410000000000000000e+02 3.031948051948052125e+02
3.411499999999999773e+02 3.030000000000000000e+02
3.418960000000000150e+02 3.020000000000000000e+02
3.420000000000000000e+02 3.018586956521739353e+02
3.426869565217391482e+02 3.010000000000000000e+02
3.430000000000000000e+02 3.005662650602409371e+02
3.434351851851851620e+02 3.000000000000000000e+02
3.440000000000000000e+02 2.991973684210526585e+02
3.441499999999999773e+02 2.990000000000000000e+02
3.448823529411764639e+02 2.980000000000000000e+02
3.450000000000000000e+02 2.978333333333333144e+02
3.456250000000000000e+02 2.970000000000000000e+02
3.460000000000000000e+02 2.964473684210526585e+02
3.463269230769230944e+02 2.960000000000000000e+02
3.469596774193548185e+02 2.950000000000000000e+02
3.470000000000000000e+02 2.949333333333333371e+02
3.476034482758620925e+02 2.940000000000000000e+02
3.480000000000000000e+02 2.932923076923077019e+02
3.481826923076923208e+02 2.930000000000000000e+02
3.487704918032786736e+02 2.920000000000000000e+02
3.490000000000000000e+02 2.915692307692307850e+02
3.493363636363636147e+02 2.910000000000000000e+02
3.498396946564885752e+02 2.900000000000000000e+02
3.500000000000000000e+02 2.896612903225806690e+02
3.503693693693693945e+02 2.890000000000000000e+02
3.508671875000000000e+02 2.880000000000000000e+02
3.510000000000000000e+02 2.877258064516129252e+02
3.514054054054054177e+02 2.870000000000000000e+02
3.518571428571428328e+02 2.860000000000000000e+02
3.520000000000000000e+02 2.856545454545454277e+02
3.523050847457627128e+02 2.850000000000000000e+02
3.527259259259259352e+02 2.840000000000000000e+02
3.530000000000000000e+02 2.833148148148148380e+02
3.531545454545454277e+02 2.830000000000000000e+02
3.535859375000000000e+02 2.820000000000000000e+02
3.539310344827586050e+02 2.810000000000000000e+02
3.540000000000000000e+02 2.807872340425531661e+02
3.543109243697479087e+02 2.800000000000000000e+02
3.546788321167883282e+02 2.790000000000000000e+02
3.550000000000000000e+02 2.781200000000000045e+02
3.550545454545454618e+02 2.780000000000000000e+02
3.555116279069767415e+02 2.770000000000000000e+02
3.558843537414966249e+02 2.760000000000000000e+02
3.560000000000000000e+02 2.756530612244898180e+02
3.562689075630252091e+02 2.750000000000000000e+02
3.565955882352941444e+02 2.740000000000000000e+02
3.568516129032258277e+02 2.730000000000000000e+02
3.570000000000000000e+02 2.723611111111110858e+02
3.571083333333333485e+02 2.720000000000000000e+02
3.573984962406015029e+02 2.710000000000000000e+02
3.576458333333333144e+02 2.700000000000000000e+02
3.578461538461538680e+02 2.690000000000000000e+02
3.580000000000000000e+02 2.681428571428571672e+02
3.580357142857142776e+02 2.680000000000000000e+02
3.582868852459016580e+02 2.670000000000000000e+02
3.585114503816793672e+02 2.660000000000000000e+02
3.586857142857143117e+02 2.650000000000000000e+02
3.587852348993288842e+02 2.640000000000000000e+02
3.588451612903226078e+02 2.630000000000000000e+02
3.588999999999999773e+02 2.620000000000000000e+02
3.589634146341463179e+02 2.610000000000000000e+02
3.590000000000000000e+02 2.606000000000000227e+02
3.590841121495327002e+02 2.600000000000000000e+02
