4.640119047619047592e+02 2.440000000000000000e+02 0.000000000000000000e+00
4.641176470588235361e+02 2.430000000000000000e+02 0.000000000000000000e+00
4.641764705882353041e+02 2.420000000000000000e+02 0.000000000000000000e+00
4.641976744186046631e+02 2.410000000000000000e+02 0.000000000000000000e+00
4.642443181818181870e+02 2.400000000000000000e+02 0.000000000000000000e+00
4.642514285714285620e+02 2.390000000000000000e+02 0.000000000000000000e+00
4.641916167664670638e+02 2.380000000000000000e+02 0.000000000000000000e+00
4.641349693251533495e+02 2.370000000000000000e+02 0.000000000000000000e+00
4.641090909090909236e+02 2.360000000000000000e+02 0.000000000000000000e+00
4.641030303030303230e+02 2.350000000000000000e+02 0.000000000000000000e+00
4.640490797546012232e+02 2.340000000000000000e+02 0.000000000000000000e+00
4.640000000000000000e+02 2.335999999999999943e+02 0.000000000000000000e+00
4.639340659340659272e+02 2.330000000000000000e+02 0.000000000000000000e+00
4.638388888888889028e+02 2.320000000000000000e+02 0.000000000000000000e+00
4.637215909090909349e+02 2.310000000000000000e+02 0.000000000000000000e+00
4.636046511627906739e+02 2.300000000000000000e+02 0.000000000000000000e+00
4.634689265536723042e+02 2.290000000000000000e+02 0.000000000000000000e+00
4.632816091954023250e+02 2.280000000000000000e+02 0.000000000000000000e+00
4.630595238095237960e+02 2.270000000000000000e+02 0.000000000000000000e+00
4.630000000000000000e+02 2.266428571428571388e+02 0.000000000000000000e+00
4.629057591623036387e+02 2.260000000000000000e+02 0.000000000000000000e+00
4.628191489361702224e+02 2.250000000000000000e+02 0.000000000000000000e+00
4.626978021978022184e+02 2.240000000000000000e+02 0.000000000000000000e+00
4.624971751412429626e+02 2.230000000000000000e+02 0.000000000000000000e+00
4.622848837209302246e+02 2.220000000000000000e+02 0.000000000000000000e+00
4.621144578313252964e+02 2.210000000000000000e+02 0.000000000000000000e+00
4.620000000000000000e+02 2.204062500000000000e+02 0.000000000000000000e+00
4.619265536723164018e+02 2.200000000000000000e+02 0.000000000000000000e+00
4.616954022988505812e+02 2.190000000000000000e+02 0.000000000000000000e+00
4.614437869822485254e+02 2.180000000000000000e+02 0.000000000000000000e+00
4.611937500000000227e+02 2.170000000000000000e+02 0.000000000000000000e+00
4.610000000000000000e+02 2.163111111111111029e+02 0.000000000000000000e+00
4.609190751445086676e+02 2.160000000000000000e+02 0.000000000000000000e+00
4.607142857142857224e+02 2.150000000000000000e+02 0.000000000000000000e+00
4.605214723926380316e+02 2.140000000000000000e+02 0.000000000000000000e+00
4.602628205128204968e+02 2.130000000000000000e+02 0.000000000000000000e+00
4.600067114093959617e+02 2.120000000000000000e+02 0.000000000000000000e+00
4.600000000000000000e+02 2.119756097560975547e+02 0.000000000000000000e+00
4.597546012269938842e+02 2.110000000000000000e+02 0.000000000000000000e+00
4.595249999999999773e+02 2.100000000000000000e+02 0.000000000000000000e+00
4.593207547169811278e+02 2.090000000000000000e+02 0.000000000000000000e+00
4.590463576158940668e+02 2.080000000000000000e+02 0.000000000000000000e+00
4.590000000000000000e+02 2.078571428571428612e+02 0.000000000000000000e+00
4.587407407407407618e+02 2.070000000000000000e+02 0.000000000000000000e+00
4.584358974358974592e+02 2.060000000000000000e+02 0.000000000000000000e+00
4.581418918918918735e+02 2.050000000000000000e+02 0.000000000000000000e+00
4.580000000000000000e+02 2.045000000000000000e+02 0.000000000000000000e+00
4.578695652173913118e+02 2.040000000000000000e+02 0.000000000000000000e+00
4.576265822784810098e+02 2.030000000000000000e+02 0.000000000000000000e+00
4.573933333333333167e+02 2.020000000000000000e+02 0.000000000000000000e+00
4.571510791366906687e+02 2.010000000000000000e+02 0.000000000000000000e+00
4.570000000000000000e+02 2.005227272727272805e+02 0.000000000000000000e+00
4.568402777777777715e+02 2.000000000000000000e+02 0.000000000000000000e+00
4.565323741007194371e+02 1.990000000000000000e+02 0.000000000000000000e+00
4.561879699248120232e+02 1.980000000000000000e+02 0.000000000000000000e+00
4.560000000000000000e+02 1.974897959183673493e+02 0.000000000000000000e+00
4.558344827586207089e+02 1.970000000000000000e+02 0.000000000000000000e+00
4.554338235294117680e+02 1.960000000000000000e+02 0.000000000000000000e+00
4.550000000000000000e+02 1.950483870967742064e+02 0.000000000000000000e+00
4.549791666666666856e+02 1.950000000000000000e+02 0.000000000000000000e+00
4.545797101449275601e+02 1.940000000000000000e+02 0.000000000000000000e+00
4.541590909090909349e+02 1.930000000000000000e+02 0.000000000000000000e+00
4.540000000000000000e+02 1.926440677966101589e+02 0.000000000000000000e+00
4.537323943661971839e+02 1.920000000000000000e+02 0.000000000000000000e+00
4.533407407407407277e+02 1.910000000000000000e+02 0.000000000000000000e+00
4.530000000000000000e+02 1.900800000000000125e+02 0.000000000000000000e+00
4.529720279720279450e+02 1.900000000000000000e+02 0.000000000000000000e+00
4.526453900709219624e+02 1.890000000000000000e+02 0.000000000000000000e+00
4.522164179104477739e+02 1.880000000000000000e+02 0.000000000000000000e+00
4.520000000000000000e+02 1.875915492957746551e+02 0.000000000000000000e+00
4.517103448275861979e+02 1.870000000000000000e+02 0.000000000000000000e+00
4.512408759124087396e+02 1.860000000000000000e+02 0.000000000000000000e+00
4.510000000000000000e+02 1.855416666666666572e+02 0.000000000000000000e+00
4.507214285714285893e+02 1.850000000000000000e+02 0.000000000000000000e+00
4.501908396946564608e+02 1.840000000000000000e+02 0.000000000000000000e+00
4.500000000000000000e+02 1.835833333333333428e+02 0.000000000000000000e+00
4.497535211267605746e+02 1.830000000000000000e+02 0.000000000000000000e+00
4.493283582089552510e+02 1.820000000000000000e+02 0.000000000000000000e+00
4.490000000000000000e+02 1.813333333333333428e+02 0.000000000000000000e+00
4.488382352941176237e+02 1.810000000000000000e+02 0.000000000000000000e+00
4.483206106870229064e+02 1.800000000000000000e+02 0.000000000000000000e+00
4.480000000000000000e+02 1.794399999999999977e+02 0.000000000000000000e+00
4.477608695652173765e+02 1.790000000000000000e+02 0.000000000000000000e+00
4.472296296296296418e+02 1.780000000000000000e+02 0.000000000000000000e+00
4.470000000000000000e+02 1.775810810810810949e+02 0.000000000000000000e+00
4.466928571428571217e+02 1.770000000000000000e+02 0.000000000000000000e+00
4.461562500000000000e+02 1.760000000000000000e+02 0.000000000000000000e+00
4.460000000000000000e+02 1.757142857142857224e+02 0.000000000000000000e+00
4.456183206106870216e+02 1.750000000000000000e+02 0.000000000000000000e+00
4.450866141732283268e+02 1.740000000000000000e+02 0.000000000000000000e+00
4.450000000000000000e+02 1.738382352941176521e+02 0.000000000000000000e+00
4.445615384615384755e+02 1.730000000000000000e+02 0.000000000000000000e+00
4.440000000000000000e+02 1.720135135135135158e+02 0.000000000000000000e+00
4.439928571428571331e+02 1.720000000000000000e+02 0.000000000000000000e+00
4.434370370370370438e+02 1.710000000000000000e+02 0.000000000000000000e+00
4.430000000000000000e+02 1.702716049382715937e+02 0.000000000000000000e+00
4.428294573643410672e+02 1.700000000000000000e+02 0.000000000000000000e+00
4.421759999999999877e+02 1.690000000000000000e+02 0.000000000000000000e+00
4.420000000000000000e+02 1.687179487179487296e+02 0.000000000000000000e+00
4.415658914728682021e+02 1.680000000000000000e+02 0.000000000000000000e+00
4.410000000000000000e+02 1.671204819277108413e+02 0.000000000000000000e+00
4.409224806201550564e+02 1.670000000000000000e+02 0.000000000000000000e+00
4.402500000000000000e+02 1.660000000000000000e+02 0.000000000000000000e+00
4.400000000000000000e+02 1.656125000000000114e+02 0.000000000000000000e+00
4.396111111111110858e+02 1.650000000000000000e+02 0.000000000000000000e+00
4.390000000000000000e+02 1.641046511627907023e+02 0.000000000000000000e+00
4.389291338582677326e+02 1.640000000000000000e+02 0.000000000000000000e+00
4.382601626016260070e+02 1.630000000000000000e+02 0.000000000000000000e+00
4.380000000000000000e+02 1.626190476190476204e+02 0.000000000000000000e+00
4.375873015873015675e+02 1.620000000000000000e+02 0.000000000000000000e+00
4.370000000000000000e+02 1.611294117647058783e+02 0.000000000000000000e+00
4.369126984126984325e+02 1.610000000000000000e+02 0.000000000000000000e+00
4.362136752136752307e+02 1.600000000000000000e+02 0.000000000000000000e+00
4.360000000000000000e+02 1.597340425531915002e+02 0.000000000000000000e+00
4.354201680672268822e+02 1.590000000000000000e+02 0.000000000000000000e+00
4.350000000000000000e+02 1.584736842105263293e+02 0.000000000000000000e+00
4.346250000000000000e+02 1.580000000000000000e+02 0.000000000000000000e+00
4.340000000000000000e+02 1.572718446601941764e+02 0.000000000000000000e+00
4.337565217391304486e+02 1.570000000000000000e+02 0.000000000000000000e+00
4.330000000000000000e+02 1.561869158878504606e+02 0.000000000000000000e+00
4.328275862068965694e+02 1.560000000000000000e+02 0.000000000000000000e+00
4.320000000000000000e+02 1.550103092783505190e+02 0.000000000000000000e+00
4.319913793103448256e+02 1.550000000000000000e+02 0.000000000000000000e+00
4.311121495327103048e+02 1.540000000000000000e+02 0.000000000000000000e+00
4.310000000000000000e+02 1.538750000000000000e+02 0.000000000000000000e+00
4.302222222222222285e+02 1.530000000000000000e+02 0.000000000000000000e+00
4.300000000000000000e+02 1.527575757575757507e+02 0.000000000000000000e+00
4.292500000000000000e+02 1.520000000000000000e+02 0.000000000000000000e+00
4.290000000000000000e+02 1.517474747474747403e+02 0.000000000000000000e+00
4.283272727272727138e+02 1.510000000000000000e+02 0.000000000000000000e+00
4.280000000000000000e+02 1.506538461538461604e+02 0.000000000000000000e+00
4.273703703703703809e+02 1.500000000000000000e+02 0.000000000000000000e+00
4.270000000000000000e+02 1.496396396396396256e+02 0.000000000000000000e+00
4.263660714285714448e+02 1.490000000000000000e+02 0.000000000000000000e+00
4.260000000000000000e+02 1.486132075471698215e+02 0.000000000000000000e+00
4.254196428571428328e+02 1.480000000000000000e+02 0.000000000000000000e+00
4.250000000000000000e+02 1.475688073394495348e+02 0.000000000000000000e+00
4.244464285714285552e+02 1.470000000000000000e+02 0.000000000000000000e+00
4.240000000000000000e+02 1.465145631067961176e+02 0.000000000000000000e+00
4.234854368932038824e+02 1.460000000000000000e+02 0.000000000000000000e+00
4.230000000000000000e+02 1.455327102803738342e+02 0.000000000000000000e+00
4.224672897196261943e+02 1.450000000000000000e+02 0.000000000000000000e+00
4.220000000000000000e+02 1.445283018867924625e+02 0.000000000000000000e+00
4.215044247787610630e+02 1.440000000000000000e+02 0.000000000000000000e+00
4.210000000000000000e+02 1.435043478260869563e+02 0.000000000000000000e+00
4.204867256637168111e+02 1.430000000000000000e+02 0.000000000000000000e+00
4.200000000000000000e+02 1.425416666666666572e+02 0.000000000000000000e+00
4.194298245614035068e+02 1.420000000000000000e+02 0.000000000000000000e+00
4.190000000000000000e+02 1.416016260162601554e+02 0.000000000000000000e+00
4.183451327433628535e+02 1.410000000000000000e+02 0.000000000000000000e+00
4.180000000000000000e+02 1.406578947368421098e+02 0.000000000000000000e+00
4.173055555555555429e+02 1.400000000000000000e+02 0.000000000000000000e+00
4.170000000000000000e+02 1.397027027027027088e+02 0.000000000000000000e+00
4.162844036697247816e+02 1.390000000000000000e+02 0.000000000000000000e+00
4.160000000000000000e+02 1.387207207207207205e+02 0.000000000000000000e+00
4.152156862745097783e+02 1.380000000000000000e+02 0.000000000000000000e+00
4.150000000000000000e+02 1.378135593220339103e+02 0.000000000000000000e+00
4.140679611650485299e+02 1.370000000000000000e+02 0.000000000000000000e+00
4.140000000000000000e+02 1.369391304347826122e+02 0.000000000000000000e+00
4.130000000000000000e+02 1.361060606060605949e+02 0.000000000000000000e+00
4.128761061946902373e+02 1.360000000000000000e+02 0.000000000000000000e+00
4.120000000000000000e+02 1.352079999999999984e+02 0.000000000000000000e+00
4.117777777777777715e+02 1.350000000000000000e+02 0.000000000000000000e+00
4.110000000000000000e+02 1.342777777777777715e+02 0.000000000000000000e+00
4.106956521739130608e+02 1.340000000000000000e+02 0.000000000000000000e+00
4.100000000000000000e+02 1.333333333333333428e+02 0.000000000000000000e+00
4.096330275229357767e+02 1.330000000000000000e+02 0.000000000000000000e+00
4.090000000000000000e+02 1.324480000000000075e+02 0.000000000000000000e+00
4.084615384615384528e+02 1.320000000000000000e+02 0.000000000000000000e+00
4.080000000000000000e+02 1.316279069767441854e+02 0.000000000000000000e+00
4.072358490566037972e+02 1.310000000000000000e+02 0.000000000000000000e+00
4.070000000000000000e+02 1.307826086956521863e+02 0.000000000000000000e+00
4.061176470588235361e+02 1.300000000000000000e+02 0.000000000000000000e+00
4.060000000000000000e+02 1.298899082568807444e+02 0.000000000000000000e+00
4.050582524271844704e+02 1.290000000000000000e+02 0.000000000000000000e+00
4.050000000000000000e+02 1.289417475728155296e+02 0.000000000000000000e+00
4.040582524271844704e+02 1.280000000000000000e+02 0.000000000000000000e+00
4.040000000000000000e+02 1.279399999999999977e+02 0.000000000000000000e+00
4.030000000000000000e+02 1.270614035087719316e+02 0.000000000000000000e+00
4.029263157894736764e+02 1.270000000000000000e+02 0.000000000000000000e+00
4.020000000000000000e+02 1.262280701754386030e+02 0.000000000000000000e+00
4.017204301075269086e+02 1.260000000000000000e+02 0.000000000000000000e+00
4.010000000000000000e+02 1.254508196721311464e+02 0.000000000000000000e+00
4.003888888888889142e+02 1.250000000000000000e+02 0.000000000000000000e+00
4.000000000000000000e+02 1.247244094488189035e+02 0.000000000000000000e+00
3.990000000000000000e+02 1.241081081081081123e+02 0.000000000000000000e+00
3.987974683544304071e+02 1.240000000000000000e+02 0.000000000000000000e+00
3.980000000000000000e+02 1.235684931506849296e+02 0.000000000000000000e+00
3.970000000000000000e+02 1.230580645161290363e+02 0.000000000000000000e+00
3.968750000000000000e+02 1.230000000000000000e+02 0.000000000000000000e+00
3.960000000000000000e+02 1.225882352941176521e+02 0.000000000000000000e+00
3.950000000000000000e+02 1.221656804733727881e+02 0.000000000000000000e+00
3.946363636363636260e+02 1.220000000000000000e+02 0.000000000000000000e+00
3.940000000000000000e+02 1.216711409395973220e+02 0.000000000000000000e+00
3.930000000000000000e+02 1.211524390243902474e+02 0.000000000000000000e+00
3.927058823529411598e+02 1.210000000000000000e+02 0.000000000000000000e+00
3.920000000000000000e+02 1.206296296296296333e+02 0.000000000000000000e+00
3.910000000000000000e+02 1.201812865497076075e+02 0.000000000000000000e+00
3.905974025974026063e+02 1.200000000000000000e+02 0.000000000000000000e+00
3.900000000000000000e+02 1.197125000000000057e+02 0.000000000000000000e+00
3.890000000000000000e+02 1.192824858757062145e+02 0.000000000000000000e+00
3.883506493506493484e+02 1.190000000000000000e+02 0.000000000000000000e+00
3.880000000000000000e+02 1.188258064516129053e+02 0.000000000000000000e+00
3.870000000000000000e+02 1.183426966292134779e+02 0.000000000000000000e+00
3.861866666666666674e+02 1.180000000000000000e+02 0.000000000000000000e+00
3.860000000000000000e+02 1.179156626506024139e+02 0.000000000000000000e+00
3.850000000000000000e+02 1.174918032786885220e+02 0.000000000000000000e+00
3.840000000000000000e+02 1.170368421052631618e+02 0.000000000000000000e+00
3.839300000000000068e+02 1.170000000000000000e+02 0.000000000000000000e+00
3.830000000000000000e+02 1.164529411764705884e+02 0.000000000000000000e+00
3.821538461538461320e+02 1.160000000000000000e+02 0.000000000000000000e+00
3.820000000000000000e+02 1.159066666666666663e+02 0.000000000000000000e+00
3.810000000000000000e+02 1.153028571428571496e+02 0.000000000000000000e+00
3.804646464646464779e+02 1.150000000000000000e+02 0.000000000000000000e+00
3.800000000000000000e+02 1.147125000000000057e+02 0.000000000000000000e+00
3.790000000000000000e+02 1.141388888888888857e+02 0.000000000000000000e+00
3.787191011235955216e+02 1.140000000000000000e+02 0.000000000000000000e+00
3.780000000000000000e+02 1.136144578313252964e+02 0.000000000000000000e+00
3.770000000000000000e+02 1.131833333333333371e+02 0.000000000000000000e+00
3.765822784810126791e+02 1.130000000000000000e+02 0.000000000000000000e+00
3.760000000000000000e+02 1.127125000000000057e+02 0.000000000000000000e+00
3.750000000000000000e+02 1.121955307262569903e+02 0.000000000000000000e+00
3.745882352941176237e+02 1.120000000000000000e+02 0.000000000000000000e+00
3.740000000000000000e+02 1.117058823529411740e+02 0.000000000000000000e+00
3.730000000000000000e+02 1.112808988764044926e+02 0.000000000000000000e+00
3.722857142857142776e+02 1.110000000000000000e+02 0.000000000000000000e+00
3.720000000000000000e+02 1.108692810457516345e+02 0.000000000000000000e+00
3.710000000000000000e+02 1.104226190476190510e+02 0.000000000000000000e+00
3.700000000000000000e+02 1.100449438202247165e+02 0.000000000000000000e+00
3.698688524590164093e+02 1.100000000000000000e+02 0.000000000000000000e+00
3.690000000000000000e+02 1.096748466257668753e+02 0.000000000000000000e+00
3.680000000000000000e+02 1.093157894736842053e+02 0.000000000000000000e+00
3.671562500000000000e+02 1.090000000000000000e+02 0.000000000000000000e+00
3.670000000000000000e+02 1.089259259259259238e+02 0.000000000000000000e+00
3.660000000000000000e+02 1.083877551020408134e+02 0.000000000000000000e+00
3.653736263736263936e+02 1.080000000000000000e+02 0.000000000000000000e+00
3.650000000000000000e+02 1.077500000000000000e+02 0.000000000000000000e+00
3.640000000000000000e+02 1.071739130434782652e+02 0.000000000000000000e+00
3.636164383561643945e+02 1.070000000000000000e+02 0.000000000000000000e+00
3.630000000000000000e+02 1.067239263803680984e+02 0.000000000000000000e+00
3.620000000000000000e+02 1.063944444444444457e+02 0.000000000000000000e+00
3.610000000000000000e+02 1.061263157894736793e+02 0.000000000000000000e+00
3.604893617021276668e+02 1.060000000000000000e+02 0.000000000000000000e+00
3.600000000000000000e+02 1.058662790697674438e+02 0.000000000000000000e+00
3.590000000000000000e+02 1.056137566137566068e+02 0.000000000000000000e+00
3.580000000000000000e+02 1.053350253807106611e+02 0.000000000000000000e+00
3.570000000000000000e+02 1.051083743842364555e+02 0.000000000000000000e+00
3.564210526315789593e+02 1.050000000000000000e+02 0.000000000000000000e+00
3.560000000000000000e+02 1.049058823529411768e+02 0.000000000000000000e+00
3.550000000000000000e+02 1.046966292134831491e+02 0.000000000000000000e+00
3.540000000000000000e+02 1.045052631578947313e+02 0.000000000000000000e+00
3.530000000000000000e+02 1.042727272727272663e+02 0.000000000000000000e+00
3.520000000000000000e+02 1.040295566502463060e+02 0.000000000000000000e+00
3.518604651162790447e+02 1.040000000000000000e+02 0.000000000000000000e+00
3.510000000000000000e+02 1.037810650887574013e+02 0.000000000000000000e+00
3.500000000000000000e+02 1.035888888888888886e+02 0.000000000000000000e+00
3.490000000000000000e+02 1.034162162162162133e+02 0.000000000000000000e+00
3.480000000000000000e+02 1.032150537634408636e+02 0.000000000000000000e+00
3.470000000000000000e+02 1.030209424083769676e+02 0.000000000000000000e+00
3.468787878787878753e+02 1.030000000000000000e+02 0.000000000000000000e+00
3.460000000000000000e+02 1.028231707317073216e+02 0.000000000000000000e+00
3.450000000000000000e+02 1.026250000000000000e+02 0.000000000000000000e+00
3.440000000000000000e+02 1.024692737430167568e+02 0.000000000000000000e+00
3.430000000000000000e+02 1.023241758241758248e+02 0.000000000000000000e+00
3.420000000000000000e+02 1.021925133689839527e+02 0.000000000000000000e+00
3.410000000000000000e+02 1.020744680851063890e+02 0.000000000000000000e+00
3.404615384615384528e+02 1.020000000000000000e+02 0.000000000000000000e+00
3.400000000000000000e+02 1.019200000000000017e+02 0.000000000000000000e+00
3.390000000000000000e+02 1.017083333333333286e+02 0.000000000000000000e+00
3.380000000000000000e+02 1.015586592178770928e+02 0.000000000000000000e+00
3.370000000000000000e+02 1.014222222222222172e+02 0.000000000000000000e+00
3.360000000000000000e+02 1.012786885245901658e+02 0.000000000000000000e+00
3.350000000000000000e+02 1.011284916201117312e+02 0.000000000000000000e+00
3.340416666666666856e+02 1.010000000000000000e+02 0.000000000000000000e+00
3.340000000000000000e+02 1.009928057553956791e+02 0.000000000000000000e+00
3.330000000000000000e+02 1.008661971830985919e+02 0.000000000000000000e+00
3.320000000000000000e+02 1.007375886524822732e+02 0.000000000000000000e+00
3.310000000000000000e+02 1.006241134751773103e+02 0.000000000000000000e+00
3.300000000000000000e+02 1.005194805194805241e+02 0.000000000000000000e+00
3.290000000000000000e+02 1.004142011834319561e+02 0.000000000000000000e+00
3.280000000000000000e+02 1.003551912568306079e+02 0.000000000000000000e+00
3.270000000000000000e+02 1.003208556149732686e+02 0.000000000000000000e+00
3.260000000000000000e+02 1.002804232804232782e+02 0.000000000000000000e+00
3.250000000000000000e+02 1.002222222222222285e+02 0.000000000000000000e+00
3.240000000000000000e+02 1.001435897435897431e+02 0.000000000000000000e+00
3.230000000000000000e+02 1.000799999999999983e+02 0.000000000000000000e+00
3.220000000000000000e+02 1.000297029702970235e+02 0.000000000000000000e+00
3.216666666666666856e+02 1.000000000000000000e+02 0.000000000000000000e+00
3.210000000000000000e+02 9.992105263157894512e+01 0.000000000000000000e+00
3.200000000000000000e+02 9.979354838709677722e+01 0.000000000000000000e+00
3.190000000000000000e+02 9.970440251572327384e+01 0.000000000000000000e+00
3.180000000000000000e+02 9.962195121951219789e+01 0.000000000000000000e+00
3.170000000000000000e+02 9.957228915662651048e+01 0.000000000000000000e+00
3.160000000000000000e+02 9.954913294797687229e+01 0.000000000000000000e+00
3.150000000000000000e+02 9.947398843930635337e+01 0.000000000000000000e+00
3.140000000000000000e+02 9.938636363636364024e+01 0.000000000000000000e+00
3.130000000000000000e+02 9.928248587570621453e+01 0.000000000000000000e+00
3.120000000000000000e+02 9.920338983050847048e+01 0.000000000000000000e+00
3.110000000000000000e+02 9.912834224598930177e+01 0.000000000000000000e+00
3.100000000000000000e+02 9.905729166666667140e+01 0.000000000000000000e+00
3.092666666666666515e+02 9.900000000000000000e+01 0.000000000000000000e+00
3.090000000000000000e+02 9.897202797202797342e+01 0.000000000000000000e+00
3.080000000000000000e+02 9.891946308724831738e+01 0.000000000000000000e+00
3.070000000000000000e+02 9.890066225165563196e+01 0.000000000000000000e+00
3.060000000000000000e+02 9.884516129032257936e+01 0.000000000000000000e+00
3.050000000000000000e+02 9.878431372549019329e+01 0.000000000000000000e+00
3.040000000000000000e+02 9.871812080536912504e+01 0.000000000000000000e+00
3.030000000000000000e+02 9.862500000000000000e+01 0.000000000000000000e+00
3.020000000000000000e+02 9.850617283950617775e+01 0.000000000000000000e+00
3.010000000000000000e+02 9.842011834319526997e+01 0.000000000000000000e+00
3.000000000000000000e+02 9.833529411764705230e+01 0.000000000000000000e+00
2.990000000000000000e+02 9.826744186046511231e+01 0.000000000000000000e+00
2.980000000000000000e+02 9.818079096045197218e+01 0.000000000000000000e+00
2.970000000000000000e+02 9.810382513661201642e+01 0.000000000000000000e+00
2.960000000000000000e+02 9.805405405405404906e+01 0.000000000000000000e+00
2.950000000000000000e+02 9.802645502645502518e+01 0.000000000000000000e+00
2.946428571428571672e+02 9.800000000000000000e+01 0.000000000000000000e+00
2.940000000000000000e+02 9.793478260869565588e+01 0.000000000000000000e+00
2.930000000000000000e+02 9.780405405405404906e+01 0.000000000000000000e+00
2.920000000000000000e+02 9.767763157894736992e+01 0.000000000000000000e+00
2.910000000000000000e+02 9.753164556962025245e+01 0.000000000000000000e+00
2.900000000000000000e+02 9.740880503144654767e+01 0.000000000000000000e+00
2.890000000000000000e+02 9.730061349693251316e+01 0.000000000000000000e+00
2.880000000000000000e+02 9.719540229885058125e+01 0.000000000000000000e+00
2.870000000000000000e+02 9.712299465240641894e+01 0.000000000000000000e+00
2.860000000000000000e+02 9.706842105263157805e+01 0.000000000000000000e+00
2.854583333333333144e+02 9.700000000000000000e+01 0.000000000000000000e+00
2.850000000000000000e+02 9.691729323308270239e+01 0.000000000000000000e+00
2.840000000000000000e+02 9.669444444444444287e+01 0.000000000000000000e+00
2.830000000000000000e+02 9.651948051948052409e+01 0.000000000000000000e+00
2.820000000000000000e+02 9.635625000000000284e+01 0.000000000000000000e+00
2.810000000000000000e+02 9.621472392638037263e+01 0.000000000000000000e+00
2.800000000000000000e+02 9.612716763005779796e+01 0.000000000000000000e+00
2.790000000000000000e+02 9.605056179775280611e+01 0.000000000000000000e+00
2.785000000000000000e+02 9.600000000000000000e+01 0.000000000000000000e+00
2.780000000000000000e+02 9.592372881355932179e+01 0.000000000000000000e+00
2.770000000000000000e+02 9.573387096774193594e+01 0.000000000000000000e+00
2.760000000000000000e+02 9.554198473282443160e+01 0.000000000000000000e+00
2.750000000000000000e+02 9.536764705882353610e+01 0.000000000000000000e+00
2.740000000000000000e+02 9.525675675675675791e+01 0.000000000000000000e+00
2.730000000000000000e+02 9.516875000000000284e+01 0.000000000000000000e+00
2.720000000000000000e+02 9.510119047619048160e+01 0.000000000000000000e+00
2.710000000000000000e+02 9.509826589595375879e+01 0.000000000000000000e+00
2.700000000000000000e+02 9.511827956989247923e+01 0.000000000000000000e+00
2.690000000000000000e+02 9.511282051282051953e+01 0.000000000000000000e+00
2.680000000000000000e+02 9.507653061224489477e+01 0.000000000000000000e+00
2.670000000000000000e+02 9.502538071065990266e+01 0.000000000000000000e+00
2.666153846153846416e+02 9.500000000000000000e+01 0.000000000000000000e+00
2.660000000000000000e+02 9.494771241830065378e+01 0.000000000000000000e+00
2.650000000000000000e+02 9.485256410256410220e+01 0.000000000000000000e+00
2.640000000000000000e+02 9.474534161490683459e+01 0.000000000000000000e+00
2.630000000000000000e+02 9.470186335403727185e+01 0.000000000000000000e+00
2.620000000000000000e+02 9.463750000000000284e+01 0.000000000000000000e+00
2.610000000000000000e+02 9.457738095238094900e+01 0.000000000000000000e+00
2.600000000000000000e+02 9.455813953488372192e+01 0.000000000000000000e+00
2.590000000000000000e+02 9.452941176470588402e+01 0.000000000000000000e+00
2.580000000000000000e+02 9.448538011695906391e+01 0.000000000000000000e+00
2.570000000000000000e+02 9.441954022988505812e+01 0.000000000000000000e+00
2.560000000000000000e+02 9.438202247191011907e+01 0.000000000000000000e+00
2.550000000000000000e+02 9.441111111111111143e+01 0.000000000000000000e+00
2.540000000000000000e+02 9.441758241758242320e+01 0.000000000000000000e+00
2.530000000000000000e+02 9.440641711229946509e+01 0.000000000000000000e+00
2.520000000000000000e+02 9.436315789473684390e+01 0.000000000000000000e+00
2.510000000000000000e+02 9.428272251308899854e+01 0.000000000000000000e+00
2.500000000000000000e+02 9.424456521739129755e+01 0.000000000000000000e+00
2.490000000000000000e+02 9.427840909090909349e+01 0.000000000000000000e+00
2.480000000000000000e+02 9.440782122905028473e+01 0.000000000000000000e+00
2.470000000000000000e+02 9.457541899441341116e+01 0.000000000000000000e+00
2.460000000000000000e+02 9.470454545454545325e+01 0.000000000000000000e+00
2.450000000000000000e+02 9.478333333333333144e+01 0.000000000000000000e+00
2.440000000000000000e+02 9.486440677966101021e+01 0.000000000000000000e+00
2.430000000000000000e+02 9.492613636363635976e+01 0.000000000000000000e+00
2.422352941176470722e+02 9.500000000000000000e+01 0.000000000000000000e+00
2.420000000000000000e+02 9.501762114537444859e+01 0.000000000000000000e+00
2.410000000000000000e+02 9.509375000000000000e+01 0.000000000000000000e+00
2.400000000000000000e+02 9.518099547511312153e+01 0.000000000000000000e+00
2.390000000000000000e+02 9.530733944954128845e+01 0.000000000000000000e+00
2.380000000000000000e+02 9.542583732057416057e+01 0.000000000000000000e+00
2.370000000000000000e+02 9.555882352941176805e+01 0.000000000000000000e+00
2.360000000000000000e+02 9.568205128205127608e+01 0.000000000000000000e+00
2.350000000000000000e+02 9.583152173913043725e+01 0.000000000000000000e+00
2.340000000000000000e+02 9.598888888888889426e+01 0.000000000000000000e+00
2.339130434782608745e+02 9.600000000000000000e+01 0.000000000000000000e+00
2.330000000000000000e+02 9.608974358974359120e+01 0.000000000000000000e+00
2.320000000000000000e+02 9.620535714285713880e+01 0.000000000000000000e+00
2.310000000000000000e+02 9.633809523809523512e+01 0.000000000000000000e+00
2.300000000000000000e+02 9.655612244897959329e+01 0.000000000000000000e+00
2.290000000000000000e+02 9.677956989247311981e+01 0.000000000000000000e+00
2.280888888888889028e+02 9.700000000000000000e+01 0.000000000000000000e+00
2.280000000000000000e+02 9.701762114537444859e+01 0.000000000000000000e+00
2.270000000000000000e+02 9.722272727272726911e+01 0.000000000000000000e+00
2.260000000000000000e+02 9.743396226415094930e+01 0.000000000000000000e+00
2.250000000000000000e+02 9.766502463054186478e+01 0.000000000000000000e+00
2.240000000000000000e+02 9.794652406417112900e+01 0.000000000000000000e+00
2.238148148148148096e+02 9.800000000000000000e+01 0.000000000000000000e+00
2.230000000000000000e+02 9.818965517241379359e+01 0.000000000000000000e+00
2.220000000000000000e+02 9.841284403669725123e+01 0.000000000000000000e+00
2.210000000000000000e+02 9.868656716417910957e+01 0.000000000000000000e+00
2.200000000000000000e+02 9.897814207650273488e+01 0.000000000000000000e+00
2.199230769230769340e+02 9.900000000000000000e+01 0.000000000000000000e+00
2.190000000000000000e+02 9.921428571428570820e+01 0.000000000000000000e+00
2.180000000000000000e+02 9.945588235294117396e+01 0.000000000000000000e+00
2.170000000000000000e+02 9.973333333333333428e+01 0.000000000000000000e+00
2.161864406779660897e+02 1.000000000000000000e+02 0.000000000000000000e+00
2.160000000000000000e+02 1.000518867924528337e+02 0.000000000000000000e+00
2.150000000000000000e+02 1.003514851485148540e+02 0.000000000000000000e+00
2.140000000000000000e+02 1.006684210526315724e+02 0.000000000000000000e+00
2.130156250000000000e+02 1.010000000000000000e+02 0.000000000000000000e+00
2.130000000000000000e+02 1.010043103448275872e+02 0.000000000000000000e+00
2.120000000000000000e+02 1.012837837837837895e+02 0.000000000000000000e+00
2.110000000000000000e+02 1.015990099009900973e+02 0.000000000000000000e+00
2.100000000000000000e+02 1.019599999999999937e+02 0.000000000000000000e+00
2.098852459016393368e+02 1.020000000000000000e+02 0.000000000000000000e+00
2.090000000000000000e+02 1.022488479262672740e+02 0.000000000000000000e+00
2.080000000000000000e+02 1.025463917525773212e+02 0.000000000000000000e+00
2.070000000000000000e+02 1.029000000000000057e+02 0.000000000000000000e+00
2.067384615384615358e+02 1.030000000000000000e+02 0.000000000000000000e+00
2.060000000000000000e+02 1.032341463414634148e+02 0.000000000000000000e+00
2.050000000000000000e+02 1.035891891891891845e+02 0.000000000000000000e+00
2.041264367816091863e+02 1.040000000000000000e+02 0.000000000000000000e+00
2.040000000000000000e+02 1.040521327014217974e+02 0.000000000000000000e+00
2.030000000000000000e+02 1.044540816326530575e+02 0.000000000000000000e+00
2.020000000000000000e+02 1.048720930232558146e+02 0.000000000000000000e+00
2.017441860465116292e+02 1.050000000000000000e+02 0.000000000000000000e+00
2.010000000000000000e+02 1.053152709359605979e+02 0.000000000000000000e+00
2.000000000000000000e+02 1.057611111111111057e+02 0.000000000000000000e+00
1.994756097560975547e+02 1.060000000000000000e+02 0.000000000000000000e+00
1.990000000000000000e+02 1.061866028708134024e+02 0.000000000000000000e+00
1.980000000000000000e+02 1.065873015873015817e+02 0.000000000000000000e+00
1.970930232558139608e+02 1.070000000000000000e+02 0.000000000000000000e+00
1.970000000000000000e+02 1.070368663594470036e+02 0.000000000000000000e+00
1.960000000000000000e+02 1.074090909090909065e+02 0.000000000000000000e+00
1.950000000000000000e+02 1.078596491228070136e+02 0.000000000000000000e+00
1.947209302325581461e+02 1.080000000000000000e+02 0.000000000000000000e+00
1.940000000000000000e+02 1.083009708737864116e+02 0.000000000000000000e+00
1.930000000000000000e+02 1.087359550561797761e+02 0.000000000000000000e+00
1.924534883720930338e+02 1.090000000000000000e+02 0.000000000000000000e+00
1.920000000000000000e+02 1.091921182266009822e+02 0.000000000000000000e+00
1.910000000000000000e+02 1.096477272727272663e+02 0.000000000000000000e+00
1.903404255319148888e+02 1.100000000000000000e+02 0.000000000000000000e+00
1.900000000000000000e+02 1.101545893719806770e+02 0.000000000000000000e+00
1.890000000000000000e+02 1.106324324324324380e+02 0.000000000000000000e+00
1.882916666666666572e+02 1.110000000000000000e+02 0.000000000000000000e+00
1.880000000000000000e+02 1.111352657004830888e+02 0.000000000000000000e+00
1.870000000000000000e+02 1.116032608695652186e+02 0.000000000000000000e+00
1.863047619047619037e+02 1.120000000000000000e+02 0.000000000000000000e+00
1.860000000000000000e+02 1.121545893719806770e+02 0.000000000000000000e+00
1.850000000000000000e+02 1.126534090909090935e+02 0.000000000000000000e+00
1.844019607843137294e+02 1.130000000000000000e+02 0.000000000000000000e+00
1.840000000000000000e+02 1.132060301507537758e+02 0.000000000000000000e+00
1.830000000000000000e+02 1.136863905325443795e+02 0.000000000000000000e+00
1.824239130434782510e+02 1.140000000000000000e+02 0.000000000000000000e+00
1.820000000000000000e+02 1.142096774193548328e+02 0.000000000000000000e+00
1.810000000000000000e+02 1.147770700636942678e+02 0.000000000000000000e+00
1.806534653465346594e+02 1.150000000000000000e+02 0.000000000000000000e+00
1.800000000000000000e+02 1.153606557377049171e+02 0.000000000000000000e+00
1.790000000000000000e+02 1.159536423841059616e+02 0.000000000000000000e+00
1.789204545454545325e+02 1.160000000000000000e+02 0.000000000000000000e+00
1.780000000000000000e+02 1.164764705882352871e+02 0.000000000000000000e+00
1.771834862385321117e+02 1.170000000000000000e+02 0.000000000000000000e+00
1.770000000000000000e+02 1.171142857142857139e+02 0.000000000000000000e+00
1.760000000000000000e+02 1.177171052631578902e+02 0.000000000000000000e+00
1.755699999999999932e+02 1.180000000000000000e+02 0.000000000000000000e+00
1.750000000000000000e+02 1.183294797687861291e+02 0.000000000000000000e+00
1.740000000000000000e+02 1.189251700680272137e+02 0.000000000000000000e+00
1.738791208791208760e+02 1.190000000000000000e+02 0.000000000000000000e+00
1.730000000000000000e+02 1.195000000000000000e+02 0.000000000000000000e+00
1.722727272727272805e+02 1.200000000000000000e+02 0.000000000000000000e+00
1.720000000000000000e+02 1.201704545454545467e+02 0.000000000000000000e+00
1.710000000000000000e+02 1.208424657534246620e+02 0.000000000000000000e+00
1.707722772277227818e+02 1.210000000000000000e+02 0.000000000000000000e+00
1.700000000000000000e+02 1.214727272727272691e+02 0.000000000000000000e+00
1.691299999999999955e+02 1.220000000000000000e+02 0.000000000000000000e+00
1.690000000000000000e+02 1.220738636363636402e+02 0.000000000000000000e+00
1.680000000000000000e+02 1.226896551724137936e+02 0.000000000000000000e+00
1.675982142857142776e+02 1.230000000000000000e+02 0.000000000000000000e+00
1.670000000000000000e+02 1.233988095238095184e+02 0.000000000000000000e+00
1.661293103448275872e+02 1.240000000000000000e+02 0.000000000000000000e+00
1.660000000000000000e+02 1.240793650793650755e+02 0.000000000000000000e+00
1.650000000000000000e+02 1.246975308641975317e+02 0.000000000000000000e+00
1.645420560747663501e+02 1.250000000000000000e+02 0.000000000000000000e+00
1.640000000000000000e+02 1.253276836158192111e+02 0.000000000000000000e+00
1.630000000000000000e+02 1.259927007299270088e+02 0.000000000000000000e+00
1.629896907216494810e+02 1.260000000000000000e+02 0.000000000000000000e+00
1.620000000000000000e+02 1.265999999999999943e+02 0.000000000000000000e+00
1.614128440366972370e+02 1.270000000000000000e+02 0.000000000000000000e+00
1.610000000000000000e+02 1.272556818181818130e+02 0.000000000000000000e+00
1.600000000000000000e+02 1.279565217391304373e+02 0.000000000000000000e+00
1.599387755102040956e+02 1.280000000000000000e+02 0.000000000000000000e+00
1.590000000000000000e+02 1.286344827586206918e+02 0.000000000000000000e+00
1.585225225225225358e+02 1.290000000000000000e+02 0.000000000000000000e+00
1.580000000000000000e+02 1.293717948717948616e+02 0.000000000000000000e+00
1.572283464566929183e+02 1.300000000000000000e+02 0.000000000000000000e+00
1.570000000000000000e+02 1.301705882352941046e+02 0.000000000000000000e+00
1.560000000000000000e+02 1.309230769230769340e+02 0.000000000000000000e+00
1.558952380952380850e+02 1.310000000000000000e+02 0.000000000000000000e+00
1.550000000000000000e+02 1.316143790849673110e+02 0.000000000000000000e+00
1.545163934426229559e+02 1.320000000000000000e+02 0.000000000000000000e+00
1.540000000000000000e+02 1.324012738853503208e+02 0.000000000000000000e+00
1.533188405797101552e+02 1.330000000000000000e+02 0.000000000000000000e+00
1.530000000000000000e+02 1.332634730538922270e+02 0.000000000000000000e+00
1.521632653061224403e+02 1.340000000000000000e+02 0.000000000000000000e+00
1.520000000000000000e+02 1.341445783132530210e+02 0.000000000000000000e+00
1.510405405405405475e+02 1.350000000000000000e+02 0.000000000000000000e+00
1.510000000000000000e+02 1.350365853658536537e+02 0.000000000000000000e+00
1.500062893081760933e+02 1.360000000000000000e+02 0.000000000000000000e+00
1.500000000000000000e+02 1.360059880239520851e+02 0.000000000000000000e+00
1.490000000000000000e+02 1.369022556390977456e+02 0.000000000000000000e+00
1.488959999999999866e+02 1.370000000000000000e+02 0.000000000000000000e+00
1.480000000000000000e+02 1.377887323943662068e+02 0.000000000000000000e+00
1.477692307692307736e+02 1.380000000000000000e+02 0.000000000000000000e+00
1.470000000000000000e+02 1.386250000000000000e+02 0.000000000000000000e+00
1.465620437956204398e+02 1.390000000000000000e+02 0.000000000000000000e+00
1.460000000000000000e+02 1.394476744186046631e+02 0.000000000000000000e+00
1.452910447761194064e+02 1.400000000000000000e+02 0.000000000000000000e+00
1.450000000000000000e+02 1.402254335260115568e+02 0.000000000000000000e+00
1.440821917808219155e+02 1.410000000000000000e+02 0.000000000000000000e+00
1.440000000000000000e+02 1.410670391061452449e+02 0.000000000000000000e+00
1.430000000000000000e+02 1.419379310344827445e+02 0.000000000000000000e+00
1.429318181818181870e+02 1.420000000000000000e+02 0.000000000000000000e+00
1.420000000000000000e+02 1.428913043478260931e+02 0.000000000000000000e+00
1.418920863309352569e+02 1.430000000000000000e+02 0.000000000000000000e+00
1.410000000000000000e+02 1.438551724137930989e+02 0.000000000000000000e+00
1.408478260869565304e+02 1.440000000000000000e+02 0.000000000000000000e+00
1.400000000000000000e+02 1.448125000000000000e+02 0.000000000000000000e+00
1.398125000000000000e+02 1.450000000000000000e+02 0.000000000000000000e+00
1.390000000000000000e+02 1.458239436619718390e+02 0.000000000000000000e+00
1.388226950354609812e+02 1.460000000000000000e+02 0.000000000000000000e+00
1.380000000000000000e+02 1.467388535031847141e+02 0.000000000000000000e+00
1.377210884353741562e+02 1.470000000000000000e+02 0.000000000000000000e+00
1.370000000000000000e+02 1.476794871794871824e+02 0.000000000000000000e+00
1.366575342465753522e+02 1.480000000000000000e+02 0.000000000000000000e+00
1.360000000000000000e+02 1.486442953020134325e+02 0.000000000000000000e+00
1.356344827586206918e+02 1.490000000000000000e+02 0.000000000000000000e+00
1.350000000000000000e+02 1.496764705882353041e+02 0.000000000000000000e+00
1.347006802721088548e+02 1.500000000000000000e+02 0.000000000000000000e+00
1.340000000000000000e+02 1.508174603174603305e+02 0.000000000000000000e+00
1.338445945945945823e+02 1.510000000000000000e+02 0.000000000000000000e+00
1.330611111111111029e+02 1.520000000000000000e+02 0.000000000000000000e+00
1.330000000000000000e+02 1.520780141843971762e+02 0.000000000000000000e+00
1.322168674698795314e+02 1.530000000000000000e+02 0.000000000000000000e+00
1.320000000000000000e+02 1.532880000000000109e+02 0.000000000000000000e+00
1.314437499999999943e+02 1.540000000000000000e+02 0.000000000000000000e+00
1.310000000000000000e+02 1.545867768595041412e+02 0.000000000000000000e+00
1.306575342465753522e+02 1.550000000000000000e+02 0.000000000000000000e+00
1.300000000000000000e+02 1.558807339449541303e+02 0.000000000000000000e+00
1.299084507042253449e+02 1.560000000000000000e+02 0.000000000000000000e+00
1.290864197530864317e+02 1.570000000000000000e+02 0.000000000000000000e+00
1.290000000000000000e+02 1.570999999999999943e+02 0.000000000000000000e+00
1.281599999999999966e+02 1.580000000000000000e+02 0.000000000000000000e+00
1.280000000000000000e+02 1.581846153846153982e+02 0.000000000000000000e+00
1.273205128205128176e+02 1.590000000000000000e+02 0.000000000000000000e+00
1.270000000000000000e+02 1.594201680672268822e+02 0.000000000000000000e+00
1.265430463576158928e+02 1.600000000000000000e+02 0.000000000000000000e+00
1.260000000000000000e+02 1.608039215686274588e+02 0.000000000000000000e+00
1.258591549295774712e+02 1.610000000000000000e+02 0.000000000000000000e+00
1.251802325581395365e+02 1.620000000000000000e+02 0.000000000000000000e+00
1.250000000000000000e+02 1.622897196261682211e+02 0.000000000000000000e+00
1.245365853658536537e+02 1.630000000000000000e+02 0.000000000000000000e+00
1.240000000000000000e+02 1.638979591836734642e+02 0.000000000000000000e+00
1.239300699300699335e+02 1.640000000000000000e+02 0.000000000000000000e+00
1.232372881355932179e+02 1.650000000000000000e+02 0.000000000000000000e+00
1.230000000000000000e+02 1.654117647058823479e+02 0.000000000000000000e+00
1.226178343949044631e+02 1.660000000000000000e+02 0.000000000000000000e+00
1.220555555555555571e+02 1.670000000000000000e+02 0.000000000000000000e+00
1.220000000000000000e+02 1.670884955752212306e+02 0.000000000000000000e+00
1.213641975308642031e+02 1.680000000000000000e+02 0.000000000000000000e+00
1.210000000000000000e+02 1.685619047619047706e+02 0.000000000000000000e+00
1.206849315068493098e+02 1.690000000000000000e+02 0.000000000000000000e+00
1.201091954022988517e+02 1.700000000000000000e+02 0.000000000000000000e+00
1.200000000000000000e+02 1.701844660194174708e+02 0.000000000000000000e+00
1.194909090909090850e+02 1.710000000000000000e+02 0.000000000000000000e+00
1.190000000000000000e+02 1.719529411764705742e+02 0.000000000000000000e+00
1.189729729729729684e+02 1.720000000000000000e+02 0.000000000000000000e+00
1.184406779661016884e+02 1.730000000000000000e+02 0.000000000000000000e+00
1.180000000000000000e+02 1.739069767441860392e+02 0.000000000000000000e+00
1.179459459459459509e+02 1.740000000000000000e+02 0.000000000000000000e+00
1.173812154696132666e+02 1.750000000000000000e+02 0.000000000000000000e+00
1.170000000000000000e+02 1.757113402061855538e+02 0.000000000000000000e+00
1.168145695364238463e+02 1.760000000000000000e+02 0.000000000000000000e+00
1.162542372881355988e+02 1.770000000000000000e+02 0.000000000000000000e+00
1.160000000000000000e+02 1.775294117647058840e+02 0.000000000000000000e+00
1.157452229299363040e+02 1.780000000000000000e+02 0.000000000000000000e+00
1.152711864406779654e+02 1.790000000000000000e+02 0.000000000000000000e+00
1.150000000000000000e+02 1.795393258426966270e+02 0.000000000000000000e+00
1.147266666666666737e+02 1.800000000000000000e+02 0.000000000000000000e+00
1.142359550561797761e+02 1.810000000000000000e+02 0.000000000000000000e+00
1.140000000000000000e+02 1.814827586206896513e+02 0.000000000000000000e+00
1.137096774193548328e+02 1.820000000000000000e+02 0.000000000000000000e+00
1.131783783783783832e+02 1.830000000000000000e+02 0.000000000000000000e+00
1.130000000000000000e+02 1.833437500000000000e+02 0.000000000000000000e+00
1.126111111111111143e+02 1.840000000000000000e+02 0.000000000000000000e+00
1.120218579234972651e+02 1.850000000000000000e+02 0.000000000000000000e+00
1.120000000000000000e+02 1.850377358490566166e+02 0.000000000000000000e+00
1.114104046242774615e+02 1.860000000000000000e+02 0.000000000000000000e+00
1.110000000000000000e+02 1.867802197802197668e+02 0.000000000000000000e+00
1.108717948717948758e+02 1.870000000000000000e+02 0.000000000000000000e+00
1.103163841807909620e+02 1.880000000000000000e+02 0.000000000000000000e+00
1.100000000000000000e+02 1.885894736842105317e+02 0.000000000000000000e+00
1.097399999999999949e+02 1.890000000000000000e+02 0.000000000000000000e+00
1.091781609195402325e+02 1.900000000000000000e+02 0.000000000000000000e+00
1.090000000000000000e+02 1.902980769230769340e+02 0.000000000000000000e+00
1.085437500000000028e+02 1.910000000000000000e+02 0.000000000000000000e+00
1.080000000000000000e+02 1.919456521739130324e+02 0.000000000000000000e+00
1.079645390070921991e+02 1.920000000000000000e+02 0.000000000000000000e+00
1.073028571428571496e+02 1.930000000000000000e+02 0.000000000000000000e+00
1.070000000000000000e+02 1.935520833333333428e+02 0.000000000000000000e+00
1.067378048780487774e+02 1.940000000000000000e+02 0.000000000000000000e+00
1.061822916666666714e+02 1.950000000000000000e+02 0.000000000000000000e+00
1.060000000000000000e+02 1.953608247422680506e+02 0.000000000000000000e+00
1.056374269005847992e+02 1.960000000000000000e+02 0.000000000000000000e+00
1.051128205128205195e+02 1.970000000000000000e+02 0.000000000000000000e+00
1.050000000000000000e+02 1.972095238095238017e+02 0.000000000000000000e+00
1.045464480874316990e+02 1.980000000000000000e+02 0.000000000000000000e+00
1.040604651162790759e+02 1.990000000000000000e+02 0.000000000000000000e+00
1.040000000000000000e+02 1.991181818181818244e+02 0.000000000000000000e+00
1.034894736842105232e+02 2.000000000000000000e+02 0.000000000000000000e+00
1.030000000000000000e+02 2.009393939393939377e+02 0.000000000000000000e+00
1.029638554216867448e+02 2.010000000000000000e+02 0.000000000000000000e+00
1.023731343283582049e+02 2.020000000000000000e+02 0.000000000000000000e+00
1.020000000000000000e+02 2.027075471698113347e+02 0.000000000000000000e+00
1.018248587570621453e+02 2.030000000000000000e+02 0.000000000000000000e+00
1.013222748815165914e+02 2.040000000000000000e+02 0.000000000000000000e+00
1.010000000000000000e+02 2.046666666666666572e+02 0.000000000000000000e+00
1.008121546961325947e+02 2.050000000000000000e+02 0.000000000000000000e+00
1.003710407239819062e+02 2.060000000000000000e+02 0.000000000000000000e+00
1.000326530612244937e+02 2.070000000000000000e+02 0.000000000000000000e+00
1.000000000000000000e+02 2.070987654320987588e+02 0.000000000000000000e+00
9.965887850467289866e+01 2.080000000000000000e+02 0.000000000000000000e+00
9.935897435897436480e+01 2.090000000000000000e+02 0.000000000000000000e+00
9.915853658536585158e+01 2.100000000000000000e+02 0.000000000000000000e+00
9.900000000000000000e+01 2.109069767441860392e+02 0.000000000000000000e+00
9.897938144329896204e+01 2.110000000000000000e+02 0.000000000000000000e+00
9.881159420289854722e+01 2.120000000000000000e+02 0.000000000000000000e+00
9.867788461538461320e+01 2.130000000000000000e+02 0.000000000000000000e+00
9.850925925925925242e+01 2.140000000000000000e+02 0.000000000000000000e+00
9.831277533039647665e+01 2.150000000000000000e+02 0.000000000000000000e+00
9.810878661087866703e+01 2.160000000000000000e+02 0.000000000000000000e+00
9.800000000000000000e+01 2.166500000000000057e+02 0.000000000000000000e+00
9.793103448275861922e+01 2.170000000000000000e+02 0.000000000000000000e+00
9.778606965174130039e+01 2.180000000000000000e+02 0.000000000000000000e+00
9.755500000000000682e+01 2.190000000000000000e+02 0.000000000000000000e+00
9.736499999999999488e+01 2.200000000000000000e+02 0.000000000000000000e+00
9.721395348837209838e+01 2.210000000000000000e+02 0.000000000000000000e+00
9.700000000000000000e+01 2.220000000000000000e+02 0.000000000000000000e+00
9.670680628272251056e+01 2.230000000000000000e+02 0.000000000000000000e+00
9.649019607843136725e+01 2.240000000000000000e+02 0.000000000000000000e+00
9.624074074074074758e+01 2.250000000000000000e+02 0.000000000000000000e+00
9.600000000000000000e+01 2.259122807017543835e+02 0.000000000000000000e+00
9.597222222222222854e+01 2.260000000000000000e+02 0.000000000000000000e+00
9.571727748691100146e+01 2.270000000000000000e+02 0.000000000000000000e+00
9.554999999999999716e+01 2.280000000000000000e+02 0.000000000000000000e+00
9.542857142857143060e+01 2.290000000000000000e+02 0.000000000000000000e+00
9.531081081081080697e+01 2.300000000000000000e+02 0.000000000000000000e+00
9.524472573839662459e+01 2.310000000000000000e+02 0.000000000000000000e+00
9.522083333333333144e+01 2.320000000000000000e+02 0.000000000000000000e+00
9.520000000000000284e+01 2.330000000000000000e+02 0.000000000000000000e+00
9.521653543307085954e+01 2.340000000000000000e+02 0.000000000000000000e+00
9.524809160305343880e+01 2.350000000000000000e+02 0.000000000000000000e+00
9.528735632183908422e+01 2.360000000000000000e+02 0.000000000000000000e+00
9.534387351778656239e+01 2.370000000000000000e+02 0.000000000000000000e+00
9.535655737704918522e+01 2.380000000000000000e+02 0.000000000000000000e+00
9.535564853556485332e+01 2.390000000000000000e+02 0.000000000000000000e+00
9.539743589743589780e+01 2.400000000000000000e+02 0.000000000000000000e+00
9.545575221238938468e+01 2.410000000000000000e+02 0.000000000000000000e+00
9.552830188679244827e+01 2.420000000000000000e+02 0.000000000000000000e+00
9.554679802955665480e+01 2.430000000000000000e+02 0.000000000000000000e+00
9.554500000000000171e+01 2.440000000000000000e+02 0.000000000000000000e+00
9.553921568627451677e+01 2.450000000000000000e+02 0.000000000000000000e+00
9.552153110047846951e+01 2.460000000000000000e+02 0.000000000000000000e+00
9.552582159624412839e+01 2.470000000000000000e+02 0.000000000000000000e+00
9.551196172248803862e+01 2.480000000000000000e+02 0.000000000000000000e+00
9.550717703349282317e+01 2.490000000000000000e+02 0.000000000000000000e+00
9.556097560975609895e+01 2.500000000000000000e+02 0.000000000000000000e+00
9.557142857142856940e+01 2.510000000000000000e+02 0.000000000000000000e+00
9.551941747572816155e+01 2.520000000000000000e+02 0.000000000000000000e+00
9.550952380952381304e+01 2.530000000000000000e+02 0.000000000000000000e+00
9.553170731707317032e+01 2.540000000000000000e+02 0.000000000000000000e+00
9.553883495145630889e+01 2.550000000000000000e+02 0.000000000000000000e+00
9.554106280193236955e+01 2.560000000000000000e+02 0.000000000000000000e+00
9.549275362318840621e+01 2.570000000000000000e+02 0.000000000000000000e+00
9.545116279069767984e+01 2.580000000000000000e+02 0.000000000000000000e+00
9.543577981651375808e+01 2.590000000000000000e+02 0.000000000000000000e+00
9.542600896860986381e+01 2.600000000000000000e+02 0.000000000000000000e+00
9.541704035874440137e+01 2.610000000000000000e+02 0.000000000000000000e+00
9.543722943722943342e+01 2.620000000000000000e+02 0.000000000000000000e+00
9.547555555555555884e+01 2.630000000000000000e+02 0.000000000000000000e+00
9.559241706161137131e+01 2.640000000000000000e+02 0.000000000000000000e+00
9.582631578947368212e+01 2.650000000000000000e+02 0.000000000000000000e+00
9.600000000000000000e+01 2.656111111111110858e+02 0.000000000000000000e+00
9.607720588235294201e+01 2.660000000000000000e+02 0.000000000000000000e+00
9.627906976744185386e+01 2.670000000000000000e+02 0.000000000000000000e+00
9.650649350649351277e+01 2.680000000000000000e+02 0.000000000000000000e+00
9.682500000000000284e+01 2.690000000000000000e+02 0.000000000000000000e+00
9.700000000000000000e+01 2.694605263157894797e+02 0.000000000000000000e+00
9.715589353612166690e+01 2.700000000000000000e+02 0.000000000000000000e+00
9.747234042553191102e+01 2.710000000000000000e+02 0.000000000000000000e+00
9.784848484848484418e+01 2.720000000000000000e+02 0.000000000000000000e+00
9.800000000000000000e+01 2.723614457831325240e+02 0.000000000000000000e+00
9.821900826446281485e+01 2.730000000000000000e+02 0.000000000000000000e+00
9.859813084112148829e+01 2.740000000000000000e+02 0.000000000000000000e+00
9.900000000000000000e+01 2.749347826086956275e+02 0.000000000000000000e+00
9.902419354838710319e+01 2.750000000000000000e+02 0.000000000000000000e+00
9.933936651583709931e+01 2.760000000000000000e+02 0.000000000000000000e+00
9.968421052631579471e+01 2.770000000000000000e+02 0.000000000000000000e+00
1.000000000000000000e+02 2.777594936708860587e+02 0.000000000000000000e+00
1.000887850467289724e+02 2.780000000000000000e+02 0.000000000000000000e+00
1.005111111111111057e+02 2.790000000000000000e+02 0.000000000000000000e+00
1.010000000000000000e+02 2.799565217391304373e+02 0.000000000000000000e+00
1.010197044334975374e+02 2.800000000000000000e+02 0.000000000000000000e+00
1.014754098360655803e+02 2.810000000000000000e+02 0.000000000000000000e+00
1.019245283018867951e+02 2.820000000000000000e+02 0.000000000000000000e+00
1.020000000000000000e+02 2.821875000000000000e+02 0.000000000000000000e+00
1.022780748663101633e+02 2.830000000000000000e+02 0.000000000000000000e+00
1.026848484848484873e+02 2.840000000000000000e+02 0.000000000000000000e+00
1.030000000000000000e+02 2.846753246753247026e+02 0.000000000000000000e+00
1.031288659793814446e+02 2.850000000000000000e+02 0.000000000000000000e+00
1.035209580838323404e+02 2.860000000000000000e+02 0.000000000000000000e+00
1.040000000000000000e+02 2.870000000000000000e+02 0.000000000000000000e+00
1.043756906077348106e+02 2.880000000000000000e+02 0.000000000000000000e+00
1.047922077922077904e+02 2.890000000000000000e+02 0.000000000000000000e+00
1.050000000000000000e+02 2.894383561643835492e+02 0.000000000000000000e+00
1.052426035502958541e+02 2.900000000000000000e+02 0.000000000000000000e+00
1.057039473684210549e+02 2.910000000000000000e+02 0.000000000000000000e+00
1.060000000000000000e+02 2.915921052631579187e+02 0.000000000000000000e+00
1.061631578947368411e+02 2.920000000000000000e+02 0.000000000000000000e+00
1.065802469135802539e+02 2.930000000000000000e+02 0.000000000000000000e+00
1.070000000000000000e+02 2.937083333333333144e+02 0.000000000000000000e+00
1.071538461538461604e+02 2.940000000000000000e+02 0.000000000000000000e+00
1.076347305389221560e+02 2.950000000000000000e+02 0.000000000000000000e+00
1.080000000000000000e+02 2.957349397590361377e+02 0.000000000000000000e+00
1.081170212765957501e+02 2.960000000000000000e+02 0.000000000000000000e+00
1.085828220858895747e+02 2.970000000000000000e+02 0.000000000000000000e+00
1.090000000000000000e+02 2.977083333333333144e+02 0.000000000000000000e+00
1.091443298969072231e+02 2.980000000000000000e+02 0.000000000000000000e+00
1.096511627906976685e+02 2.990000000000000000e+02 0.000000000000000000e+00
1.100000000000000000e+02 2.996382978723404449e+02 0.000000000000000000e+00
1.101798941798941769e+02 3.000000000000000000e+02 0.000000000000000000e+00
1.106807228915662620e+02 3.010000000000000000e+02 0.000000000000000000e+00
1.110000000000000000e+02 3.015638297872340559e+02 0.000000000000000000e+00
1.112240437158469888e+02 3.020000000000000000e+02 0.000000000000000000e+00
1.118012422360248479e+02 3.030000000000000000e+02 0.000000000000000000e+00
1.120000000000000000e+02 3.033298969072164937e+02 0.000000000000000000e+00
1.123571428571428612e+02 3.040000000000000000e+02 0.000000000000000000e+00
1.129791666666666714e+02 3.050000000000000000e+02 0.000000000000000000e+00
1.130000000000000000e+02 3.050288461538461320e+02 0.000000000000000000e+00
1.136158536585365795e+02 3.060000000000000000e+02 0.000000000000000000e+00
1.140000000000000000e+02 3.065384615384615472e+02 0.000000000000000000e+00
1.143068181818181870e+02 3.070000000000000000e+02 0.000000000000000000e+00
1.150000000000000000e+02 3.079838709677419502e+02 0.000000000000000000e+00
1.150109289617486326e+02 3.080000000000000000e+02 0.000000000000000000e+00
1.156862745098039227e+02 3.090000000000000000e+02 0.000000000000000000e+00
1.160000000000000000e+02 3.094033613445378137e+02 0.000000000000000000e+00
1.164329268292682968e+02 3.100000000000000000e+02 0.000000000000000000e+00
1.170000000000000000e+02 3.107749999999999773e+02 0.000000000000000000e+00
1.171616766467065816e+02 3.110000000000000000e+02 0.000000000000000000e+00
1.179496402877697818e+02 3.120000000000000000e+02 0.000000000000000000e+00
1.180000000000000000e+02 3.120614035087719458e+02 0.000000000000000000e+00
1.187482517482517466e+02 3.130000000000000000e+02 0.000000000000000000e+00
1.190000000000000000e+02 3.133000000000000114e+02 0.000000000000000000e+00
1.195753424657534225e+02 3.140000000000000000e+02 0.000000000000000000e+00
1.200000000000000000e+02 3.144558823529411598e+02 0.000000000000000000e+00
1.204567901234567842e+02 3.150000000000000000e+02 0.000000000000000000e+00
1.210000000000000000e+02 3.156518518518518590e+02 0.000000000000000000e+00
1.212937500000000028e+02 3.160000000000000000e+02 0.000000000000000000e+00
1.220000000000000000e+02 3.167337662337662323e+02 0.000000000000000000e+00
1.222611464968152859e+02 3.170000000000000000e+02 0.000000000000000000e+00
1.230000000000000000e+02 3.177532467532467422e+02 0.000000000000000000e+00
1.232275449101796454e+02 3.180000000000000000e+02 0.000000000000000000e+00
1.240000000000000000e+02 3.188269230769230944e+02 0.000000000000000000e+00
1.241626506024096415e+02 3.190000000000000000e+02 0.000000000000000000e+00
1.250000000000000000e+02 3.198797468354430293e+02 0.000000000000000000e+00
1.251111111111111143e+02 3.200000000000000000e+02 0.000000000000000000e+00
1.260000000000000000e+02 3.209870129870129745e+02 0.000000000000000000e+00
1.260119047619047592e+02 3.210000000000000000e+02 0.000000000000000000e+00
1.269384615384615387e+02 3.220000000000000000e+02 0.000000000000000000e+00
1.270000000000000000e+02 3.220629921259842376e+02 0.000000000000000000e+00
1.279370078740157481e+02 3.230000000000000000e+02 0.000000000000000000e+00
1.280000000000000000e+02 3.230672268907563307e+02 0.000000000000000000e+00
1.287928571428571445e+02 3.240000000000000000e+02 0.000000000000000000e+00
1.290000000000000000e+02 3.242265625000000000e+02 0.000000000000000000e+00
1.296734693877550910e+02 3.250000000000000000e+02 0.000000000000000000e+00
1.300000000000000000e+02 3.253779527559055396e+02 0.000000000000000000e+00
1.304968553459119391e+02 3.260000000000000000e+02 0.000000000000000000e+00
1.310000000000000000e+02 3.265970149253731165e+02 0.000000000000000000e+00
1.313312883435582705e+02 3.270000000000000000e+02 0.000000000000000000e+00
1.320000000000000000e+02 3.278195488721804622e+02 0.000000000000000000e+00
1.321420118343195327e+02 3.280000000000000000e+02 0.000000000000000000e+00
1.329285714285714164e+02 3.290000000000000000e+02 0.000000000000000000e+00
1.330000000000000000e+02 3.290862068965517437e+02 0.000000000000000000e+00
1.337361111111111143e+02 3.300000000000000000e+02 0.000000000000000000e+00
1.340000000000000000e+02 3.303220338983051079e+02 0.000000000000000000e+00
1.345405405405405475e+02 3.310000000000000000e+02 0.000000000000000000e+00
1.350000000000000000e+02 3.315312500000000000e+02 0.000000000000000000e+00
1.353973509933774722e+02 3.320000000000000000e+02 0.000000000000000000e+00
1.360000000000000000e+02 3.326499999999999773e+02 0.000000000000000000e+00
1.363402777777777715e+02 3.330000000000000000e+02 0.000000000000000000e+00
1.370000000000000000e+02 3.336785714285714448e+02 0.000000000000000000e+00
1.372922077922077904e+02 3.340000000000000000e+02 0.000000000000000000e+00
1.380000000000000000e+02 3.347171052631579187e+02 0.000000000000000000e+00
1.383138686131386805e+02 3.350000000000000000e+02 0.000000000000000000e+00
1.390000000000000000e+02 3.355911949685534523e+02 0.000000000000000000e+00
1.394710144927536248e+02 3.360000000000000000e+02 0.000000000000000000e+00
1.400000000000000000e+02 3.364899328859060574e+02 0.000000000000000000e+00
1.405846153846153754e+02 3.370000000000000000e+02 0.000000000000000000e+00
1.410000000000000000e+02 3.373648648648648418e+02 0.000000000000000000e+00
1.418034188034187935e+02 3.380000000000000000e+02 0.000000000000000000e+00
1.420000000000000000e+02 3.381575342465753238e+02 0.000000000000000000e+00
1.430000000000000000e+02 3.389132947976878540e+02 0.000000000000000000e+00
1.431056338028168966e+02 3.390000000000000000e+02 0.000000000000000000e+00
1.440000000000000000e+02 3.397298850574712787e+02 0.000000000000000000e+00
1.443357142857142890e+02 3.400000000000000000e+02 0.000000000000000000e+00
1.450000000000000000e+02 3.405375722543352595e+02 0.000000000000000000e+00
1.456106870229007768e+02 3.410000000000000000e+02 0.000000000000000000e+00
1.460000000000000000e+02 3.413269230769230944e+02 0.000000000000000000e+00
1.468536585365853568e+02 3.420000000000000000e+02 0.000000000000000000e+00
1.470000000000000000e+02 3.421224489795918089e+02 0.000000000000000000e+00
1.480000000000000000e+02 3.428370786516853741e+02 0.000000000000000000e+00
1.482319999999999993e+02 3.430000000000000000e+02 0.000000000000000000e+00
1.490000000000000000e+02 3.435393258426966554e+02 0.000000000000000000e+00
1.497387387387387321e+02 3.440000000000000000e+02 0.000000000000000000e+00
1.500000000000000000e+02 3.441907894736842195e+02 0.000000000000000000e+00
1.510000000000000000e+02 3.448306878306878502e+02 0.000000000000000000e+00
1.512666666666666799e+02 3.450000000000000000e+02 0.000000000000000000e+00
1.520000000000000000e+02 3.454943820224718820e+02 0.000000000000000000e+00
1.528571428571428612e+02 3.460000000000000000e+02 0.000000000000000000e+00
1.530000000000000000e+02 3.460920245398772863e+02 0.000000000000000000e+00
1.540000000000000000e+02 3.467525252525252313e+02 0.000000000000000000e+00
1.543550724637681242e+02 3.470000000000000000e+02 0.000000000000000000e+00
1.550000000000000000e+02 3.475114942528735469e+02 0.000000000000000000e+00
1.556854838709677438e+02 3.480000000000000000e+02 0.000000000000000000e+00
1.560000000000000000e+02 3.482484076433120777e+02 0.000000000000000000e+00
1.570000000000000000e+02 3.489267015706806205e+02 0.000000000000000000e+00
1.571119999999999948e+02 3.490000000000000000e+02 0.000000000000000000e+00
1.580000000000000000e+02 3.496166666666666742e+02 0.000000000000000000e+00
1.585999999999999943e+02 3.500000000000000000e+02 0.000000000000000000e+00
1.590000000000000000e+02 3.502929936305732213e+02 0.000000000000000000e+00
1.600000000000000000e+02 3.509114583333333144e+02 0.000000000000000000e+00
1.601478260869565133e+02 3.510000000000000000e+02 0.000000000000000000e+00
1.610000000000000000e+02 3.515444444444444230e+02 0.000000000000000000e+00
1.618118811881188037e+02 3.520000000000000000e+02 0.000000000000000000e+00
1.620000000000000000e+02 3.521210191082802794e+02 0.000000000000000000e+00
1.630000000000000000e+02 3.527329842931937378e+02 0.000000000000000000e+00
1.634857142857142946e+02 3.530000000000000000e+02 0.000000000000000000e+00
1.640000000000000000e+02 3.533195266272189201e+02 0.000000000000000000e+00
1.650000000000000000e+02 3.538762376237623926e+02 0.000000000000000000e+00
1.652336448598130971e+02 3.540000000000000000e+02 0.000000000000000000e+00
1.660000000000000000e+02 3.544293193717277290e+02 0.000000000000000000e+00
1.670000000000000000e+02 3.549122807017544119e+02 0.000000000000000000e+00
1.671709401709401845e+02 3.550000000000000000e+02 0.000000000000000000e+00
1.680000000000000000e+02 3.555025906735751278e+02 0.000000000000000000e+00
1.690000000000000000e+02 3.559823788546255514e+02 0.000000000000000000e+00
1.690344827586206975e+02 3.560000000000000000e+02 0.000000000000000000e+00
1.700000000000000000e+02 3.565803108808290176e+02 0.000000000000000000e+00
1.708709677419354875e+02 3.570000000000000000e+02 0.000000000000000000e+00
1.710000000000000000e+02 3.570749999999999886e+02 0.000000000000000000e+00
1.720000000000000000e+02 3.575825242718446475e+02 0.000000000000000000e+00
1.729772727272727195e+02 3.580000000000000000e+02 0.000000000000000000e+00
1.730000000000000000e+02 3.580126582278480782e+02 0.000000000000000000e+00
1.740000000000000000e+02 3.585618556701031139e+02 0.000000000000000000e+00
1.750000000000000000e+02 3.589613733905579238e+02 0.000000000000000000e+00
1.750937500000000000e+02 3.590000000000000000e+02 0.000000000000000000e+00
1.760000000000000000e+02 3.594264705882353041e+02 0.000000000000000000e+00
1.770000000000000000e+02 3.598461538461538680e+02 0.000000000000000000e+00
1.773564356435643674e+02 3.600000000000000000e+02 0.000000000000000000e+00
1.780000000000000000e+02 3.603611111111110858e+02 0.000000000000000000e+00
1.790000000000000000e+02 3.608333333333333144e+02 0.000000000000000000e+00
1.794137931034482847e+02 3.610000000000000000e+02 0.000000000000000000e+00
1.800000000000000000e+02 3.612849162011173121e+02 0.000000000000000000e+00
1.810000000000000000e+02 3.617405660377358458e+02 0.000000000000000000e+00
1.816395348837209269e+02 3.620000000000000000e+02 0.000000000000000000e+00
1.820000000000000000e+02 3.621867469879518353e+02 0.000000000000000000e+00
1.830000000000000000e+02 3.626417910447761415e+02 0.000000000000000000e+00
1.839600000000000080e+02 3.630000000000000000e+02 0.000000000000000000e+00
1.840000000000000000e+02 3.630193548387096598e+02 0.000000000000000000e+00
1.850000000000000000e+02 3.635026455026455210e+02 0.000000000000000000e+00
1.860000000000000000e+02 3.639136363636363853e+02 0.000000000000000000e+00
1.862134831460674036e+02 3.640000000000000000e+02 0.000000000000000000e+00
1.870000000000000000e+02 3.643888888888889142e+02 0.000000000000000000e+00
1.880000000000000000e+02 3.647819905213270317e+02 0.000000000000000000e+00
1.885679012345678984e+02 3.650000000000000000e+02 0.000000000000000000e+00
1.890000000000000000e+02 3.652095808383233475e+02 0.000000000000000000e+00
1.900000000000000000e+02 3.656267942583731951e+02 0.000000000000000000e+00
1.910000000000000000e+02 3.659834024896265419e+02 0.000000000000000000e+00
1.910412371134020759e+02 3.660000000000000000e+02 0.000000000000000000e+00
1.920000000000000000e+02 3.664492753623188150e+02 0.000000000000000000e+00
1.930000000000000000e+02 3.668240343347639509e+02 0.000000000000000000e+00
1.934505494505494596e+02 3.670000000000000000e+02 0.000000000000000000e+00
1.940000000000000000e+02 3.672659574468084998e+02 0.000000000000000000e+00
1.950000000000000000e+02 3.676788990825688188e+02 0.000000000000000000e+00
1.958641975308642031e+02 3.680000000000000000e+02 0.000000000000000000e+00
1.960000000000000000e+02 3.680647058823529392e+02 0.000000000000000000e+00
1.970000000000000000e+02 3.684975609756097583e+02 0.000000000000000000e+00
1.980000000000000000e+02 3.688644067796610102e+02 0.000000000000000000e+00
1.983764705882352928e+02 3.690000000000000000e+02 0.000000000000000000e+00
1.990000000000000000e+02 3.692789473684210293e+02 0.000000000000000000e+00
2.000000000000000000e+02 3.696535087719298076e+02 0.000000000000000000e+00
2.010000000000000000e+02 3.699730769230769170e+02 0.000000000000000000e+00
2.010843373493976003e+02 3.700000000000000000e+02 0.000000000000000000e+00
2.020000000000000000e+02 3.703518518518518476e+02 0.000000000000000000e+00
2.030000000000000000e+02 3.707078189300411282e+02 0.000000000000000000e+00
2.038987341772152035e+02 3.710000000000000000e+02 0.000000000000000000e+00
2.040000000000000000e+02 3.710434782608695627e+02 0.000000000000000000e+00
2.050000000000000000e+02 3.714394618834080575e+02 0.000000000000000000e+00
2.060000000000000000e+02 3.717911646586345569e+02 0.000000000000000000e+00
2.065591397849462396e+02 3.720000000000000000e+02 0.000000000000000000e+00
2.070000000000000000e+02 3.722081218274111620e+02 0.000000000000000000e+00
2.080000000000000000e+02 3.725855855855855907e+02 0.000000000000000000e+00
2.090000000000000000e+02 3.728902439024390105e+02 0.000000000000000000e+00
2.093857142857142719e+02 3.730000000000000000e+02 0.000000000000000000e+00
2.100000000000000000e+02 3.732239583333333144e+02 0.000000000000000000e+00
2.110000000000000000e+02 3.735613207547169736e+02 0.000000000000000000e+00
2.120000000000000000e+02 3.738305084745762770e+02 0.000000000000000000e+00
2.127692307692307736e+02 3.740000000000000000e+02 0.000000000000000000e+00
2.130000000000000000e+02 3.740685714285714312e+02 0.000000000000000000e+00
2.140000000000000000e+02 3.743106796116504711e+02 0.000000000000000000e+00
2.150000000000000000e+02 3.745063829787234226e+02 0.000000000000000000e+00
2.160000000000000000e+02 3.747047244094488292e+02 0.000000000000000000e+00
2.170000000000000000e+02 3.749033457249070693e+02 0.000000000000000000e+00
2.174126984126984041e+02 3.750000000000000000e+02 0.000000000000000000e+00
2.180000000000000000e+02 3.751770334928229431e+02 0.000000000000000000e+00
2.190000000000000000e+02 3.754658119658119517e+02 0.000000000000000000e+00
2.200000000000000000e+02 3.757119999999999891e+02 0.000000000000000000e+00
2.210000000000000000e+02 3.759570312500000000e+02 0.000000000000000000e+00
2.212199999999999989e+02 3.760000000000000000e+02 0.000000000000000000e+00
2.220000000000000000e+02 3.761902439024390219e+02 0.000000000000000000e+00
2.230000000000000000e+02 3.763693693693693945e+02 0.000000000000000000e+00
2.240000000000000000e+02 3.765454545454545610e+02 0.000000000000000000e+00
2.250000000000000000e+02 3.767261410788381681e+02 0.000000000000000000e+00
2.260000000000000000e+02 3.769249011857707501e+02 0.000000000000000000e+00
2.264042553191489446e+02 3.770000000000000000e+02 0.000000000000000000e+00
2.270000000000000000e+02 3.771359223300970598e+02 0.000000000000000000e+00
2.280000000000000000e+02 3.773716814159292312e+02 0.000000000000000000e+00
2.290000000000000000e+02 3.776008583690987166e+02 0.000000000000000000e+00
2.300000000000000000e+02 3.777735042735042725e+02 0.000000000000000000e+00
2.310000000000000000e+02 3.779666666666666401e+02 0.000000000000000000e+00
2.311739130434782510e+02 3.780000000000000000e+02 0.000000000000000000e+00
2.320000000000000000e+02 3.781968911917098239e+02 0.000000000000000000e+00
2.330000000000000000e+02 3.783588516746411301e+02 0.000000000000000000e+00
2.340000000000000000e+02 3.785137614678899354e+02 0.000000000000000000e+00
2.350000000000000000e+02 3.786415929203539577e+02 0.000000000000000000e+00
2.360000000000000000e+02 3.787835497835498018e+02 0.000000000000000000e+00
2.370000000000000000e+02 3.789194915254237230e+02 0.000000000000000000e+00
2.378260869565217490e+02 3.790000000000000000e+02 0.000000000000000000e+00
2.380000000000000000e+02 3.790223463687150911e+02 0.000000000000000000e+00
2.390000000000000000e+02 3.791297297297297177e+02 0.000000000000000000e+00
2.400000000000000000e+02 3.792245989304813065e+02 0.000000000000000000e+00
2.410000000000000000e+02 3.792941176470588402e+02 0.000000000000000000e+00
2.420000000000000000e+02 3.793422459893047858e+02 0.000000000000000000e+00
2.430000000000000000e+02 3.793913043478260647e+02 0.000000000000000000e+00
2.440000000000000000e+02 3.794340659340659272e+02 0.000000000000000000e+00
2.450000000000000000e+02 3.794808743169398895e+02 0.000000000000000000e+00
2.460000000000000000e+02 3.795729729729729911e+02 0.000000000000000000e+00
2.470000000000000000e+02 3.796791443850267456e+02 0.000000000000000000e+00
2.480000000000000000e+02 3.797407407407407618e+02 0.000000000000000000e+00
2.490000000000000000e+02 3.797346938775510239e+02 0.000000000000000000e+00
2.500000000000000000e+02 3.796949999999999932e+02 0.000000000000000000e+00
2.510000000000000000e+02 3.796581632653061433e+02 0.000000000000000000e+00
2.520000000000000000e+02 3.796734693877551194e+02 0.000000000000000000e+00
2.530000000000000000e+02 3.797551020408163254e+02 0.000000000000000000e+00
2.540000000000000000e+02 3.798333333333333144e+02 0.000000000000000000e+00
2.550000000000000000e+02 3.798556149732620497e+02 0.000000000000000000e+00
2.560000000000000000e+02 3.798108108108108354e+02 0.000000000000000000e+00
2.570000000000000000e+02 3.798043478260869392e+02 0.000000000000000000e+00
2.580000000000000000e+02 3.798055555555555429e+02 0.000000000000000000e+00
2.590000000000000000e+02 3.797796610169491487e+02 0.000000000000000000e+00
2.600000000000000000e+02 3.796666666666666856e+02 0.000000000000000000e+00
2.610000000000000000e+02 3.795056818181818130e+02 0.000000000000000000e+00
2.620000000000000000e+02 3.793942857142857292e+02 0.000000000000000000e+00
2.630000000000000000e+02 3.793072289156626766e+02 0.000000000000000000e+00
2.640000000000000000e+02 3.792115384615384528e+02 0.000000000000000000e+00
2.650000000000000000e+02 3.791409395973154233e+02 0.000000000000000000e+00
2.660000000000000000e+02 3.791360544217687334e+02 0.000000000000000000e+00
2.670000000000000000e+02 3.791258741258741338e+02 0.000000000000000000e+00
2.680000000000000000e+02 3.791258741258741338e+02 0.000000000000000000e+00
2.690000000000000000e+02 3.791582733812949755e+02 0.000000000000000000e+00
2.700000000000000000e+02 3.791832061068702160e+02 0.000000000000000000e+00
2.710000000000000000e+02 3.791344537815126046e+02 0.000000000000000000e+00
2.719411764705882320e+02 3.790000000000000000e+02 0.000000000000000000e+00
2.720000000000000000e+02 3.789940828402366719e+02 0.000000000000000000e+00
2.730000000000000000e+02 3.788588235294117794e+02 0.000000000000000000e+00
2.740000000000000000e+02 3.787235294117647300e+02 0.000000000000000000e+00
2.750000000000000000e+02 3.786296296296296191e+02 0.000000000000000000e+00
2.760000000000000000e+02 3.785477707006369315e+02 0.000000000000000000e+00
2.770000000000000000e+02 3.784539473684210407e+02 0.000000000000000000e+00
2.780000000000000000e+02 3.783489932885905773e+02 0.000000000000000000e+00
2.790000000000000000e+02 3.782112676056337932e+02 0.000000000000000000e+00
2.800000000000000000e+02 3.780740740740740762e+02 0.000000000000000000e+00
2.807692307692307736e+02 3.780000000000000000e+02 0.000000000000000000e+00
2.810000000000000000e+02 3.779842105263157919e+02 0.000000000000000000e+00
2.820000000000000000e+02 3.779562841530054698e+02 0.000000000000000000e+00
2.830000000000000000e+02 3.779181286549707579e+02 0.000000000000000000e+00
2.840000000000000000e+02 3.778579881656804673e+02 0.000000000000000000e+00
2.850000000000000000e+02 3.778143712574850497e+02 0.000000000000000000e+00
2.860000000000000000e+02 3.777485029940119716e+02 0.000000000000000000e+00
2.870000000000000000e+02 3.776707317073170884e+02 0.000000000000000000e+00
2.880000000000000000e+02 3.775889570552147347e+02 0.000000000000000000e+00
2.890000000000000000e+02 3.775217391304348098e+02 0.000000000000000000e+00
2.900000000000000000e+02 3.775063291139240391e+02 0.000000000000000000e+00
2.910000000000000000e+02 3.774679487179487296e+02 0.000000000000000000e+00
2.920000000000000000e+02 3.773799999999999955e+02 0.000000000000000000e+00
2.930000000000000000e+02 3.772933333333333508e+02 0.000000000000000000e+00
2.940000000000000000e+02 3.772635135135134874e+02 0.000000000000000000e+00
2.950000000000000000e+02 3.771956521739130608e+02 0.000000000000000000e+00
2.960000000000000000e+02 3.770625000000000000e+02 0.000000000000000000e+00
2.965333333333333599e+02 3.770000000000000000e+02 0.000000000000000000e+00
2.970000000000000000e+02 3.769613259668508363e+02 0.000000000000000000e+00
2.980000000000000000e+02 3.769120879120878840e+02 0.000000000000000000e+00
2.990000000000000000e+02 3.768777777777777942e+02 0.000000000000000000e+00
3.000000000000000000e+02 3.768563218390804650e+02 0.000000000000000000e+00
3.010000000000000000e+02 3.767719298245614254e+02 0.000000000000000000e+00
3.020000000000000000e+02 3.766959064327485294e+02 0.000000000000000000e+00
3.030000000000000000e+02 3.766686046511628092e+02 0.000000000000000000e+00
3.040000000000000000e+02 3.766309523809524080e+02 0.000000000000000000e+00
3.050000000000000000e+02 3.765874999999999773e+02 0.000000000000000000e+00
3.060000000000000000e+02 3.765612903225806463e+02 0.000000000000000000e+00
3.070000000000000000e+02 3.765354838709677665e+02 0.000000000000000000e+00
3.080000000000000000e+02 3.765064102564102768e+02 0.000000000000000000e+00
3.090000000000000000e+02 3.764697986577181155e+02 0.000000000000000000e+00
3.100000000000000000e+02 3.764444444444444571e+02 0.000000000000000000e+00
3.110000000000000000e+02 3.764604316546762561e+02 0.000000000000000000e+00
3.120000000000000000e+02 3.764740740740740534e+02 0.000000000000000000e+00
3.130000000000000000e+02 3.764477611940298516e+02 0.000000000000000000e+00
3.140000000000000000e+02 3.763676470588235361e+02 0.000000000000000000e+00
3.150000000000000000e+02 3.762657342657342383e+02 0.000000000000000000e+00
3.160000000000000000e+02 3.761756756756756772e+02 0.000000000000000000e+00
3.170000000000000000e+02 3.760921985815602966e+02 0.000000000000000000e+00
3.177222222222222285e+02 3.760000000000000000e+02 0.000000000000000000e+00
3.180000000000000000e+02 3.759744897959183731e+02 0.000000000000000000e+00
3.190000000000000000e+02 3.758787878787878753e+02 0.000000000000000000e+00
3.200000000000000000e+02 3.758082901554404316e+02 0.000000000000000000e+00
3.210000000000000000e+02 3.757541899441340547e+02 0.000000000000000000e+00
3.220000000000000000e+02 3.756666666666666856e+02 0.000000000000000000e+00
3.230000000000000000e+02 3.755220125786163408e+02 0.000000000000000000e+00
3.240000000000000000e+02 3.754113924050632818e+02 0.000000000000000000e+00
3.250000000000000000e+02 3.753354838709677210e+02 0.000000000000000000e+00
3.260000000000000000e+02 3.752333333333333485e+02 0.000000000000000000e+00
3.270000000000000000e+02 3.750921985815602966e+02 0.000000000000000000e+00
3.276190476190475920e+02 3.750000000000000000e+02 0.000000000000000000e+00
3.280000000000000000e+02 3.749576719576719483e+02 0.000000000000000000e+00
3.290000000000000000e+02 3.748941798941798993e+02 0.000000000000000000e+00
3.300000000000000000e+02 3.748601036269429869e+02 0.000000000000000000e+00
3.310000000000000000e+02 3.748393782383419648e+02 0.000000000000000000e+00
3.320000000000000000e+02 3.747947368421052374e+02 0.000000000000000000e+00
3.330000000000000000e+02 3.747096774193548185e+02 0.000000000000000000e+00
3.340000000000000000e+02 3.746214689265536890e+02 0.000000000000000000e+00
3.350000000000000000e+02 3.745182926829268126e+02 0.000000000000000000e+00
3.360000000000000000e+02 3.744076433121019249e+02 0.000000000000000000e+00
3.370000000000000000e+02 3.743202614379084707e+02 0.000000000000000000e+00
3.380000000000000000e+02 3.742352941176470722e+02 0.000000000000000000e+00
3.390000000000000000e+02 3.741233766233766005e+02 0.000000000000000000e+00
3.400000000000000000e+02 3.740066225165563196e+02 0.000000000000000000e+00
3.400526315789473415e+02 3.740000000000000000e+02 0.000000000000000000e+00
3.410000000000000000e+02 3.739047619047619264e+02 0.000000000000000000e+00
3.420000000000000000e+02 3.737554347826086882e+02 0.000000000000000000e+00
3.430000000000000000e+02 3.735852272727272521e+02 0.000000000000000000e+00
3.440000000000000000e+02 3.734593023255814046e+02 0.000000000000000000e+00
3.450000000000000000e+02 3.732958579881656647e+02 0.000000000000000000e+00
3.460000000000000000e+02 3.730961538461538680e+02 0.000000000000000000e+00
3.465000000000000000e+02 3.730000000000000000e+02 0.000000000000000000e+00
3.470000000000000000e+02 3.729166666666666856e+02 0.000000000000000000e+00
3.480000000000000000e+02 3.727471264367816275e+02 0.000000000000000000e+00
3.490000000000000000e+02 3.725151515151515014e+02 0.000000000000000000e+00
3.500000000000000000e+02 3.722012578616352130e+02 0.000000000000000000e+00
3.506530612244898180e+02 3.720000000000000000e+02 0.000000000000000000e+00
3.510000000000000000e+02 3.719150000000000205e+02 0.000000000000000000e+00
3.520000000000000000e+02 3.717076923076922981e+02 0.000000000000000000e+00
3.530000000000000000e+02 3.715000000000000000e+02 0.000000000000000000e+00
3.540000000000000000e+02 3.712816091954023250e+02 0.000000000000000000e+00
3.550000000000000000e+02 3.710256410256410504e+02 0.000000000000000000e+00
3.550784313725490051e+02 3.710000000000000000e+02 0.000000000000000000e+00
3.560000000000000000e+02 3.707445652173913118e+02 0.000000000000000000e+00
3.570000000000000000e+02 3.704655172413793025e+02 0.000000000000000000e+00
3.580000000000000000e+02 3.701604938271605079e+02 0.000000000000000000e+00
3.584262295081967409e+02 3.700000000000000000e+02 0.000000000000000000e+00
3.590000000000000000e+02 3.698000000000000114e+02 0.000000000000000000e+00
3.600000000000000000e+02 3.693757575757575751e+02 0.000000000000000000e+00
3.608732394366197127e+02 3.690000000000000000e+02 0.000000000000000000e+00
3.610000000000000000e+02 3.689494382022471655e+02 0.000000000000000000e+00
3.620000000000000000e+02 3.685796178343949236e+02 0.000000000000000000e+00
3.630000000000000000e+02 3.681521739130434980e+02 0.000000000000000000e+00
3.632876712328767326e+02 3.680000000000000000e+02 0.000000000000000000e+00
3.640000000000000000e+02 3.675772357723577102e+02 0.000000000000000000e+00
3.648658536585365937e+02 3.670000000000000000e+02 0.000000000000000000e+00
3.650000000000000000e+02 3.669299363057324967e+02 0.000000000000000000e+00
3.660000000000000000e+02 3.665398773006135116e+02 0.000000000000000000e+00
3.670000000000000000e+02 3.662578616352201379e+02 0.000000000000000000e+00
3.679534883720930338e+02 3.660000000000000000e+02 0.000000000000000000e+00
3.680000000000000000e+02 3.659882352941176578e+02 0.000000000000000000e+00
3.690000000000000000e+02 3.657415730337078799e+02 0.000000000000000000e+00
3.700000000000000000e+02 3.654772727272727479e+02 0.000000000000000000e+00
3.710000000000000000e+02 3.651377245508982128e+02 0.000000000000000000e+00
3.713382352941176237e+02 3.650000000000000000e+02 0.000000000000000000e+00
3.720000000000000000e+02 3.647680412371133798e+02 0.000000000000000000e+00
3.730000000000000000e+02 3.643924731182795540e+02 0.000000000000000000e+00
3.739012345679012128e+02 3.640000000000000000e+02 0.000000000000000000e+00
3.740000000000000000e+02 3.639591836734693970e+02 0.000000000000000000e+00
3.750000000000000000e+02 3.635314285714285916e+02 0.000000000000000000e+00
3.760000000000000000e+02 3.630705128205128176e+02 0.000000000000000000e+00
3.761447368421052602e+02 3.630000000000000000e+02 0.000000000000000000e+00
3.770000000000000000e+02 3.626524064171122745e+02 0.000000000000000000e+00
3.780000000000000000e+02 3.622294117647059011e+02 0.000000000000000000e+00
3.784936708860759609e+02 3.620000000000000000e+02 0.000000000000000000e+00
3.790000000000000000e+02 3.617802197802197952e+02 0.000000000000000000e+00
3.800000000000000000e+02 3.613493975903614341e+02 0.000000000000000000e+00
3.807435897435897232e+02 3.610000000000000000e+02 0.000000000000000000e+00
3.810000000000000000e+02 3.608913043478260647e+02 0.000000000000000000e+00
3.820000000000000000e+02 3.604444444444444571e+02 0.000000000000000000e+00
3.828735632183908137e+02 3.600000000000000000e+02 0.000000000000000000e+00
3.830000000000000000e+02 3.599402173913043725e+02 0.000000000000000000e+00
3.840000000000000000e+02 3.594882352941176578e+02 0.000000000000000000e+00
3.850000000000000000e+02 3.590000000000000000e+02 0.000000000000000000e+00
3.860000000000000000e+02 3.586104651162790447e+02 0.000000000000000000e+00
3.870000000000000000e+02 3.582151898734177280e+02 0.000000000000000000e+00
3.874594594594594810e+02 3.580000000000000000e+02 0.000000000000000000e+00
3.880000000000000000e+02 3.577647058823529278e+02 0.000000000000000000e+00
3.890000000000000000e+02 3.572838709677419615e+02 0.000000000000000000e+00
3.895365853658536821e+02 3.570000000000000000e+02 0.000000000000000000e+00
3.900000000000000000e+02 3.567877094972067198e+02 0.000000000000000000e+00
3.910000000000000000e+02 3.563353658536585158e+02 0.000000000000000000e+00
3.916707317073170884e+02 3.560000000000000000e+02 0.000000000000000000e+00
3.920000000000000000e+02 3.558465909090909349e+02 0.000000000000000000e+00
3.930000000000000000e+02 3.553562499999999886e+02 0.000000000000000000e+00
3.936951219512195053e+02 3.550000000000000000e+02 0.000000000000000000e+00
3.940000000000000000e+02 3.548563218390804650e+02 0.000000000000000000e+00
3.950000000000000000e+02 3.543717948717948616e+02 0.000000000000000000e+00
3.956823529411764753e+02 3.540000000000000000e+02 0.000000000000000000e+00
3.960000000000000000e+02 3.538301886792452819e+02 0.000000000000000000e+00
3.970000000000000000e+02 3.532028985507246261e+02 0.000000000000000000e+00
3.972772277227722952e+02 3.530000000000000000e+02 0.000000000000000000e+00
3.980000000000000000e+02 3.524384615384615245e+02 0.000000000000000000e+00
3.985533980582524123e+02 3.520000000000000000e+02 0.000000000000000000e+00
3.990000000000000000e+02 3.516714285714285779e+02 0.000000000000000000e+00
3.999399999999999977e+02 3.510000000000000000e+02 0.000000000000000000e+00
4.000000000000000000e+02 3.509599999999999795e+02 0.000000000000000000e+00
4.010000000000000000e+02 3.502592592592592382e+02 0.000000000000000000e+00
4.013365384615384528e+02 3.500000000000000000e+02 0.000000000000000000e+00
4.020000000000000000e+02 3.494692307692307622e+02 0.000000000000000000e+00
4.025700934579439263e+02 3.490000000000000000e+02 0.000000000000000000e+00
4.030000000000000000e+02 3.486714285714285779e+02 0.000000000000000000e+00
4.039038461538461320e+02 3.480000000000000000e+02 0.000000000000000000e+00
4.040000000000000000e+02 3.479253731343283675e+02 0.000000000000000000e+00
4.050000000000000000e+02 3.471735537190082823e+02 0.000000000000000000e+00
4.052307692307692264e+02 3.470000000000000000e+02 0.000000000000000000e+00
4.060000000000000000e+02 3.464573643410852810e+02 0.000000000000000000e+00
4.066020408163265074e+02 3.460000000000000000e+02 0.000000000000000000e+00
4.070000000000000000e+02 3.456637931034482563e+02 0.000000000000000000e+00
4.077403846153846416e+02 3.450000000000000000e+02 0.000000000000000000e+00
4.080000000000000000e+02 3.447890625000000000e+02 0.000000000000000000e+00
4.090000000000000000e+02 3.440000000000000000e+02 0.000000000000000000e+00
4.100000000000000000e+02 3.432295081967213264e+02 0.000000000000000000e+00
4.102799999999999727e+02 3.430000000000000000e+02 0.000000000000000000e+00
4.110000000000000000e+02 3.424146341463414842e+02 0.000000000000000000e+00
4.114951456310679418e+02 3.420000000000000000e+02 0.000000000000000000e+00
4.120000000000000000e+02 3.415873015873015675e+02 0.000000000000000000e+00
4.126981132075471805e+02 3.410000000000000000e+02 0.000000000000000000e+00
4.130000000000000000e+02 3.407500000000000000e+02 0.000000000000000000e+00
4.138971962616822680e+02 3.400000000000000000e+02 0.000000000000000000e+00
4.140000000000000000e+02 3.399147286821705620e+02 0.000000000000000000e+00
4.150000000000000000e+02 3.391196581196581405e+02 0.000000000000000000e+00
4.151428571428571672e+02 3.390000000000000000e+02 0.000000000000000000e+00
4.160000000000000000e+02 3.382631578947368212e+02 0.000000000000000000e+00
4.163030303030303116e+02 3.380000000000000000e+02 0.000000000000000000e+00
4.170000000000000000e+02 3.374250000000000114e+02 0.000000000000000000e+00
4.175795454545454390e+02 3.370000000000000000e+02 0.000000000000000000e+00
4.180000000000000000e+02 3.366890756302520913e+02 0.000000000000000000e+00
4.188199999999999932e+02 3.360000000000000000e+02 0.000000000000000000e+00
4.190000000000000000e+02 3.358487394957983270e+02 0.000000000000000000e+00
4.199439252336448476e+02 3.350000000000000000e+02 0.000000000000000000e+00
4.200000000000000000e+02 3.349527559055118218e+02 0.000000000000000000e+00
4.210000000000000000e+02 3.341880341880341803e+02 0.000000000000000000e+00
4.212244897959183731e+02 3.340000000000000000e+02 0.000000000000000000e+00
4.220000000000000000e+02 3.333666666666666742e+02 0.000000000000000000e+00
4.224313725490196134e+02 3.330000000000000000e+02 0.000000000000000000e+00
4.230000000000000000e+02 3.325126050420167871e+02 0.000000000000000000e+00
4.235922330097087638e+02 3.320000000000000000e+02 0.000000000000000000e+00
4.240000000000000000e+02 3.316216216216216139e+02 0.000000000000000000e+00
4.246216216216216139e+02 3.310000000000000000e+02 0.000000000000000000e+00
4.250000000000000000e+02 3.306283185840707688e+02 0.000000000000000000e+00
4.256574074074073906e+02 3.300000000000000000e+02 0.000000000000000000e+00
4.260000000000000000e+02 3.296605504587155906e+02 0.000000000000000000e+00
4.266857142857143117e+02 3.290000000000000000e+02 0.000000000000000000e+00
4.270000000000000000e+02 3.286857142857143117e+02 0.000000000000000000e+00
4.276101694915254257e+02 3.280000000000000000e+02 0.000000000000000000e+00
4.280000000000000000e+02 3.275700934579439263e+02 0.000000000000000000e+00
4.285304347826087223e+02 3.270000000000000000e+02 0.000000000000000000e+00
4.290000000000000000e+02 3.264953271028037420e+02 0.000000000000000000e+00
4.294649122807017534e+02 3.260000000000000000e+02 0.000000000000000000e+00
4.300000000000000000e+02 3.253369565217391255e+02 0.000000000000000000e+00
4.302743362831858462e+02 3.250000000000000000e+02 0.000000000000000000e+00
4.310000000000000000e+02 3.241276595744681117e+02 0.000000000000000000e+00
4.311090909090909236e+02 3.240000000000000000e+02 0.000000000000000000e+00
4.318999999999999773e+02 3.230000000000000000e+02 0.000000000000000000e+00
4.320000000000000000e+02 3.228588235294117794e+02 0.000000000000000000e+00
4.326033057851239505e+02 3.220000000000000000e+02 0.000000000000000000e+00
4.330000000000000000e+02 3.214782608695651902e+02 0.000000000000000000e+00
4.333859649122807127e+02 3.210000000000000000e+02 0.000000000000000000e+00
4.340000000000000000e+02 3.201566265060241108e+02 0.000000000000000000e+00
4.341160714285714448e+02 3.200000000000000000e+02 0.000000000000000000e+00
4.348983050847457434e+02 3.190000000000000000e+02 0.000000000000000000e+00
4.350000000000000000e+02 3.188695652173913118e+02 0.000000000000000000e+00
4.356557377049180104e+02 3.180000000000000000e+02 0.000000000000000000e+00
4.360000000000000000e+02 3.174750000000000227e+02 0.000000000000000000e+00
4.363064516129032313e+02 3.170000000000000000e+02 0.000000000000000000e+00
4.369759999999999991e+02 3.160000000000000000e+02 0.000000000000000000e+00
4.370000000000000000e+02 3.159662921348314626e+02 0.000000000000000000e+00
4.377107438016528818e+02 3.150000000000000000e+02 0.000000000000000000e+00
4.380000000000000000e+02 3.145731707317073074e+02 0.000000000000000000e+00
4.383916666666666515e+02 3.140000000000000000e+02 0.000000000000000000e+00
4.390000000000000000e+02 3.131511627906976969e+02 0.000000000000000000e+00
4.391203703703703809e+02 3.130000000000000000e+02 0.000000000000000000e+00
4.398655462184873954e+02 3.120000000000000000e+02 0.000000000000000000e+00
4.400000000000000000e+02 3.117974683544304071e+02 0.000000000000000000e+00
4.405294117647058556e+02 3.110000000000000000e+02 0.000000000000000000e+00
4.410000000000000000e+02 3.103086419753086602e+02 0.000000000000000000e+00
4.412118644067796822e+02 3.100000000000000000e+02 0.000000000000000000e+00
4.418114754098360777e+02 3.090000000000000000e+02 0.000000000000000000e+00
4.420000000000000000e+02 3.086891891891891646e+02 0.000000000000000000e+00
4.424358974358974592e+02 3.080000000000000000e+02 0.000000000000000000e+00
4.430000000000000000e+02 3.070571428571428783e+02 0.000000000000000000e+00
4.430344827586206975e+02 3.070000000000000000e+02 0.000000000000000000e+00
4.435853658536585158e+02 3.060000000000000000e+02 0.000000000000000000e+00
4.440000000000000000e+02 3.052272727272727479e+02 0.000000000000000000e+00
4.441304347826086882e+02 3.050000000000000000e+02 0.000000000000000000e+00
4.446692913385826955e+02 3.040000000000000000e+02 0.000000000000000000e+00
4.450000000000000000e+02 3.033333333333333144e+02 0.000000000000000000e+00
4.451707317073170884e+02 3.030000000000000000e+02 0.000000000000000000e+00
4.458031496062992005e+02 3.020000000000000000e+02 0.000000000000000000e+00
4.460000000000000000e+02 3.016753246753247026e+02 0.000000000000000000e+00
4.464094488188976584e+02 3.010000000000000000e+02 0.000000000000000000e+00
4.468432835820895548e+02 3.000000000000000000e+02 0.000000000000000000e+00
4.470000000000000000e+02 2.996818181818181870e+02 0.000000000000000000e+00
4.473409090909090651e+02 2.990000000000000000e+02 0.000000000000000000e+00
4.477769784172662071e+02 2.980000000000000000e+02 0.000000000000000000e+00
4.480000000000000000e+02 2.974363636363636374e+02 0.000000000000000000e+00
4.481967213114754145e+02 2.970000000000000000e+02 0.000000000000000000e+00
4.487222222222222285e+02 2.960000000000000000e+02 0.000000000000000000e+00
4.490000000000000000e+02 2.955138888888889142e+02 0.000000000000000000e+00
4.493008130081300919e+02 2.950000000000000000e+02 0.000000000000000000e+00
4.498030303030303116e+02 2.940000000000000000e+02 0.000000000000000000e+00
4.500000000000000000e+02 2.935737704918032591e+02 0.000000000000000000e+00
4.502592592592592382e+02 2.930000000000000000e+02 0.000000000000000000e+00
4.507191780821917746e+02 2.920000000000000000e+02 0.000000000000000000e+00
4.510000000000000000e+02 2.913880597014925229e+02 0.000000000000000000e+00
4.512031250000000000e+02 2.910000000000000000e+02 0.000000000000000000e+00
4.517058823529411598e+02 2.900000000000000000e+02 0.000000000000000000e+00
4.520000000000000000e+02 2.893650793650793389e+02 0.000000000000000000e+00
4.521769230769230603e+02 2.890000000000000000e+02 0.000000000000000000e+00
4.526214285714285666e+02 2.880000000000000000e+02 0.000000000000000000e+00
4.530000000000000000e+02 2.870000000000000000e+02 0.000000000000000000e+00
4.533636363636363740e+02 2.860000000000000000e+02 0.000000000000000000e+00
4.537567567567567721e+02 2.850000000000000000e+02 0.000000000000000000e+00
4.540000000000000000e+02 2.843793103448275588e+02 0.000000000000000000e+00
4.541617647058823763e+02 2.840000000000000000e+02 0.000000000000000000e+00
4.545034965034964785e+02 2.830000000000000000e+02 0.000000000000000000e+00
4.548843537414966249e+02 2.820000000000000000e+02 0.000000000000000000e+00
4.550000000000000000e+02 2.816792452830188722e+02 0.000000000000000000e+00
4.552432432432432279e+02 2.810000000000000000e+02 0.000000000000000000e+00
4.555490196078431495e+02 2.800000000000000000e+02 0.000000000000000000e+00
4.558974358974359120e+02 2.790000000000000000e+02 0.000000000000000000e+00
4.560000000000000000e+02 2.787037037037036953e+02 0.000000000000000000e+00
4.562657342657342383e+02 2.780000000000000000e+02 0.000000000000000000e+00
4.565646258503401214e+02 2.770000000000000000e+02 0.000000000000000000e+00
4.568466666666666924e+02 2.760000000000000000e+02 0.000000000000000000e+00
4.570000000000000000e+02 2.755106382978723332e+02 0.000000000000000000e+00
4.571751824817518468e+02 2.750000000000000000e+02 0.000000000000000000e+00
4.574662162162161962e+02 2.740000000000000000e+02 0.000000000000000000e+00
4.577312499999999886e+02 2.730000000000000000e+02 0.000000000000000000e+00
4.580000000000000000e+02 2.720227272727272521e+02 0.000000000000000000e+00
4.580070921985815744e+02 2.720000000000000000e+02 0.000000000000000000e+00
4.582857142857142776e+02 2.710000000000000000e+02 0.000000000000000000e+00
4.585562913907284610e+02 2.700000000000000000e+02 0.000000000000000000e+00
4.588407643312102095e+02 2.690000000000000000e+02 0.000000000000000000e+00
4.590000000000000000e+02 2.684565217391304373e+02 0.000000000000000000e+00
4.591448275862068726e+02 2.680000000000000000e+02 0.000000000000000000e+00
4.593899371069182394e+02 2.670000000000000000e+02 0.000000000000000000e+00
4.596084337349397515e+02 2.660000000000000000e+02 0.000000000000000000e+00
4.598622754491017872e+02 2.650000000000000000e+02 0.000000000000000000e+00
4.600000000000000000e+02 2.643947368421052602e+02 0.000000000000000000e+00
4.600974025974026063e+02 2.640000000000000000e+02 0.000000000000000000e+00
4.603435582822085621e+02 2.630000000000000000e+02 0.000000000000000000e+00
4.606144578313252964e+02 2.620000000000000000e+02 0.000000000000000000e+00
4.608647058823529505e+02 2.610000000000000000e+02 0.000000000000000000e+00
4.610000000000000000e+02 2.604102564102564088e+02 0.000000000000000000e+00
4.611025641025640880e+02 2.600000000000000000e+02 0.000000000000000000e+00
4.613292682926829116e+02 2.590000000000000000e+02 0.000000000000000000e+00
4.615411764705882547e+02 2.580000000000000000e+02 0.000000000000000000e+00
4.617873563218390700e+02 2.570000000000000000e+02 0.000000000000000000e+00
4.620000000000000000e+02 2.561395348837209553e+02 0.000000000000000000e+00
4.620377358490566166e+02 2.560000000000000000e+02 0.000000000000000000e+00
4.622678571428571672e+02 2.550000000000000000e+02 0.000000000000000000e+00
4.624502923976608031e+02 2.540000000000000000e+02 0.000000000000000000e+00
4.626453488372093261e+02 2.530000000000000000e+02 0.000000000000000000e+00
4.628399999999999750e+02 2.520000000000000000e+02 0.000000000000000000e+00
4.630000000000000000e+02 2.511764705882353041e+02 0.000000000000000000e+00
4.630382165605095679e+02 2.510000000000000000e+02 0.000000000000000000e+00
4.632168674698795030e+02 2.500000000000000000e+02 0.000000000000000000e+00
4.633371428571428510e+02 2.490000000000000000e+02 0.000000000000000000e+00
4.634888888888888800e+02 2.480000000000000000e+02 0.000000000000000000e+00
4.636524064171122745e+02 2.470000000000000000e+02 0.000000000000000000e+00
4.637789473684210293e+02 2.460000000000000000e+02 0.000000000000000000e+00
4.639052631578947512e+02 2.450000000000000000e+02 0.000000000000000000e+00
4.640000000000000000e+02 2.440999999999999943e+02 0.000000000000000000e+00
4.640119047619047592e+02 2.440000000000000000e+02 0.000000000000000000e+00
