4.171234567901234414e+02 2.410000000000000000e+02 0.000000000000000000e+00
4.171463414634146147e+02 2.400000000000000000e+02 0.000000000000000000e+00
4.170823529411764525e+02 2.390000000000000000e+02 0.000000000000000000e+00
4.170337078651685374e+02 2.380000000000000000e+02 0.000000000000000000e+00
4.170232558139534831e+02 2.370000000000000000e+02 0.000000000000000000e+00
4.170000000000000000e+02 2.360000000000000000e+02 0.000000000000000000e+00
4.169294117647058897e+02 2.350000000000000000e+02 0.000000000000000000e+00
4.168372093023255616e+02 2.340000000000000000e+02 0.000000000000000000e+00
4.167126436781609300e+02 2.330000000000000000e+02 0.000000000000000000e+00
4.165505617977528345e+02 2.320000000000000000e+02 0.000000000000000000e+00
4.163636363636363740e+02 2.310000000000000000e+02 0.000000000000000000e+00
4.161428571428571672e+02 2.300000000000000000e+02 0.000000000000000000e+00
4.160000000000000000e+02 2.295185185185185048e+02 0.000000000000000000e+00
4.158444444444444343e+02 2.290000000000000000e+02 0.000000000000000000e+00
4.154835164835164960e+02 2.280000000000000000e+02 0.000000000000000000e+00
4.151222222222222058e+02 2.270000000000000000e+02 0.000000000000000000e+00
4.150000000000000000e+02 2.266666666666666572e+02 0.000000000000000000e+00
4.147411764705882433e+02 2.260000000000000000e+02 0.000000000000000000e+00
4.143181818181818130e+02 2.250000000000000000e+02 0.000000000000000000e+00
4.140000000000000000e+02 2.241999999999999886e+02 0.000000000000000000e+00
4.139186046511628092e+02 2.240000000000000000e+02 0.000000000000000000e+00
4.134404761904762040e+02 2.230000000000000000e+02 0.000000000000000000e+00
4.130000000000000000e+02 2.222291666666666572e+02 0.000000000000000000e+00
4.128625000000000114e+02 2.220000000000000000e+02 0.000000000000000000e+00
4.123924050632911644e+02 2.210000000000000000e+02 0.000000000000000000e+00
4.120000000000000000e+02 2.200606060606060623e+02 0.000000000000000000e+00
4.119746835443037867e+02 2.200000000000000000e+02 0.000000000000000000e+00
4.115569620253164658e+02 2.190000000000000000e+02 0.000000000000000000e+00
4.110975609756097811e+02 2.180000000000000000e+02 0.000000000000000000e+00
4.110000000000000000e+02 2.177777777777777715e+02 0.000000000000000000e+00
4.106543209876543301e+02 2.170000000000000000e+02 0.000000000000000000e+00
4.102195121951219789e+02 2.160000000000000000e+02 0.000000000000000000e+00
4.100000000000000000e+02 2.155000000000000000e+02 0.000000000000000000e+00
4.097749999999999773e+02 2.150000000000000000e+02 0.000000000000000000e+00
4.092666666666666515e+02 2.140000000000000000e+02 0.000000000000000000e+00
4.090000000000000000e+02 2.135348837209302246e+02 0.000000000000000000e+00
4.086666666666666856e+02 2.130000000000000000e+02 0.000000000000000000e+00
4.080000000000000000e+02 2.120212765957446948e+02 0.000000000000000000e+00
4.079868421052631788e+02 2.120000000000000000e+02 0.000000000000000000e+00
4.073333333333333144e+02 2.110000000000000000e+02 0.000000000000000000e+00
4.070000000000000000e+02 2.104318181818181870e+02 0.000000000000000000e+00
4.067624999999999886e+02 2.100000000000000000e+02 0.000000000000000000e+00
4.062179487179487296e+02 2.090000000000000000e+02 0.000000000000000000e+00
4.060000000000000000e+02 2.085526315789473699e+02 0.000000000000000000e+00
4.057529411764705856e+02 2.080000000000000000e+02 0.000000000000000000e+00
4.053452380952380736e+02 2.070000000000000000e+02 0.000000000000000000e+00
4.050000000000000000e+02 2.063829787234042499e+02 0.000000000000000000e+00
4.047662337662337677e+02 2.060000000000000000e+02 0.000000000000000000e+00
4.041558441558441359e+02 2.050000000000000000e+02 0.000000000000000000e+00
4.040000000000000000e+02 2.047446808510638334e+02 0.000000000000000000e+00
4.035138888888889142e+02 2.040000000000000000e+02 0.000000000000000000e+00
4.030000000000000000e+02 2.032745098039215748e+02 0.000000000000000000e+00
4.028181818181818130e+02 2.030000000000000000e+02 0.000000000000000000e+00
4.022911392405063111e+02 2.020000000000000000e+02 0.000000000000000000e+00
4.020000000000000000e+02 2.014772727272727195e+02 0.000000000000000000e+00
4.017123287671232674e+02 2.010000000000000000e+02 0.000000000000000000e+00
4.010000000000000000e+02 2.000000000000000000e+02 0.000000000000000000e+00
4.003582089552238585e+02 1.990000000000000000e+02 0.000000000000000000e+00
4.000000000000000000e+02 1.984545454545454675e+02 0.000000000000000000e+00
3.997058823529411598e+02 1.980000000000000000e+02 0.000000000000000000e+00
3.990972222222222285e+02 1.970000000000000000e+02 0.000000000000000000e+00
3.990000000000000000e+02 1.968478260869565304e+02 0.000000000000000000e+00
3.984583333333333144e+02 1.960000000000000000e+02 0.000000000000000000e+00
3.980000000000000000e+02 1.953529411764705799e+02 0.000000000000000000e+00
3.977428571428571331e+02 1.950000000000000000e+02 0.000000000000000000e+00
3.971805555555555429e+02 1.940000000000000000e+02 0.000000000000000000e+00
3.970000000000000000e+02 1.937400000000000091e+02 0.000000000000000000e+00
3.964714285714285893e+02 1.930000000000000000e+02 0.000000000000000000e+00
3.960000000000000000e+02 1.924310344827586334e+02 0.000000000000000000e+00
3.956031746031745797e+02 1.920000000000000000e+02 0.000000000000000000e+00
3.950000000000000000e+02 1.913214285714285836e+02 0.000000000000000000e+00
3.947230769230769170e+02 1.910000000000000000e+02 0.000000000000000000e+00
3.940000000000000000e+02 1.901132075471698215e+02 0.000000000000000000e+00
3.939076923076922867e+02 1.900000000000000000e+02 0.000000000000000000e+00
3.930937500000000000e+02 1.890000000000000000e+02 0.000000000000000000e+00
3.930000000000000000e+02 1.888909090909091049e+02 0.000000000000000000e+00
3.922686567164179223e+02 1.880000000000000000e+02 0.000000000000000000e+00
3.920000000000000000e+02 1.876538461538461604e+02 0.000000000000000000e+00
3.915342465753424790e+02 1.870000000000000000e+02 0.000000000000000000e+00
3.910000000000000000e+02 1.863035714285714164e+02 0.000000000000000000e+00
3.907462686567164383e+02 1.860000000000000000e+02 0.000000000000000000e+00
3.900000000000000000e+02 1.851666666666666572e+02 0.000000000000000000e+00
3.898484848484848726e+02 1.850000000000000000e+02 0.000000000000000000e+00
3.890000000000000000e+02 1.840967741935483843e+02 0.000000000000000000e+00
3.889076923076922867e+02 1.840000000000000000e+02 0.000000000000000000e+00
3.880000000000000000e+02 1.830327868852459119e+02 0.000000000000000000e+00
3.879655172413793025e+02 1.830000000000000000e+02 0.000000000000000000e+00
3.870000000000000000e+02 1.821641791044776255e+02 0.000000000000000000e+00
3.867962962962963047e+02 1.820000000000000000e+02 0.000000000000000000e+00
3.860000000000000000e+02 1.813484848484848442e+02 0.000000000000000000e+00
3.856349206349206611e+02 1.810000000000000000e+02 0.000000000000000000e+00
3.850000000000000000e+02 1.803333333333333428e+02 0.000000000000000000e+00
3.846666666666666856e+02 1.800000000000000000e+02 0.000000000000000000e+00
3.840000000000000000e+02 1.793650793650793673e+02 0.000000000000000000e+00
3.835964912280701924e+02 1.790000000000000000e+02 0.000000000000000000e+00
3.830000000000000000e+02 1.784603174603174693e+02 0.000000000000000000e+00
3.824727272727272975e+02 1.780000000000000000e+02 0.000000000000000000e+00
3.820000000000000000e+02 1.775873015873015959e+02 0.000000000000000000e+00
3.813392857142857224e+02 1.770000000000000000e+02 0.000000000000000000e+00
3.810000000000000000e+02 1.766666666666666572e+02 0.000000000000000000e+00
3.803214285714285552e+02 1.760000000000000000e+02 0.000000000000000000e+00
3.800000000000000000e+02 1.757313432835820777e+02 0.000000000000000000e+00
3.791694915254237230e+02 1.750000000000000000e+02 0.000000000000000000e+00
3.790000000000000000e+02 1.748507462686567067e+02 0.000000000000000000e+00
3.780500000000000114e+02 1.740000000000000000e+02 0.000000000000000000e+00
3.780000000000000000e+02 1.739589041095890423e+02 0.000000000000000000e+00
3.770000000000000000e+02 1.732054794520547887e+02 0.000000000000000000e+00
3.767457627118644155e+02 1.730000000000000000e+02 0.000000000000000000e+00
3.760000000000000000e+02 1.722542372881355845e+02 0.000000000000000000e+00
3.757580645161290249e+02 1.720000000000000000e+02 0.000000000000000000e+00
3.750000000000000000e+02 1.712878787878787818e+02 0.000000000000000000e+00
3.746200000000000045e+02 1.710000000000000000e+02 0.000000000000000000e+00
3.740000000000000000e+02 1.705694444444444571e+02 0.000000000000000000e+00
3.731086956521739353e+02 1.700000000000000000e+02 0.000000000000000000e+00
3.730000000000000000e+02 1.699418604651162923e+02 0.000000000000000000e+00
3.720000000000000000e+02 1.694482758620689538e+02 0.000000000000000000e+00
3.711875000000000000e+02 1.690000000000000000e+02 0.000000000000000000e+00
3.710000000000000000e+02 1.688831168831168839e+02 0.000000000000000000e+00
3.700000000000000000e+02 1.682025316455696213e+02 0.000000000000000000e+00
3.696981132075471805e+02 1.680000000000000000e+02 0.000000000000000000e+00
3.690000000000000000e+02 1.674931506849314928e+02 0.000000000000000000e+00
3.683076923076923208e+02 1.670000000000000000e+02 0.000000000000000000e+00
3.680000000000000000e+02 1.667538461538461547e+02 0.000000000000000000e+00
3.670000000000000000e+02 1.660153846153846189e+02 0.000000000000000000e+00
3.669714285714285893e+02 1.660000000000000000e+02 0.000000000000000000e+00
3.660000000000000000e+02 1.655342465753424790e+02 0.000000000000000000e+00
3.650000000000000000e+02 1.650428571428571445e+02 0.000000000000000000e+00
3.649142857142857110e+02 1.650000000000000000e+02 0.000000000000000000e+00
3.640000000000000000e+02 1.644482758620689538e+02 0.000000000000000000e+00
3.632352941176470722e+02 1.640000000000000000e+02 0.000000000000000000e+00
3.630000000000000000e+02 1.638769230769230774e+02 0.000000000000000000e+00
3.620000000000000000e+02 1.634202898550724683e+02 0.000000000000000000e+00
3.610000000000000000e+02 1.630704225352112644e+02 0.000000000000000000e+00
3.608076923076923208e+02 1.630000000000000000e+02 0.000000000000000000e+00
3.600000000000000000e+02 1.627042253521126725e+02 0.000000000000000000e+00
3.590000000000000000e+02 1.623043478260869676e+02 0.000000000000000000e+00
3.581250000000000000e+02 1.620000000000000000e+02 0.000000000000000000e+00
3.580000000000000000e+02 1.619538461538461434e+02 0.000000000000000000e+00
3.570000000000000000e+02 1.616981132075471805e+02 0.000000000000000000e+00
3.560000000000000000e+02 1.614250000000000114e+02 0.000000000000000000e+00
3.550000000000000000e+02 1.611935483870967687e+02 0.000000000000000000e+00
3.540000000000000000e+02 1.611351351351351298e+02 0.000000000000000000e+00
3.533750000000000000e+02 1.610000000000000000e+02 0.000000000000000000e+00
3.530000000000000000e+02 1.609464285714285836e+02 0.000000000000000000e+00
3.520000000000000000e+02 1.603103448275862206e+02 0.000000000000000000e+00
3.516727272727272862e+02 1.600000000000000000e+02 0.000000000000000000e+00
3.510000000000000000e+02 1.594558823529411882e+02 0.000000000000000000e+00
3.503260869565217490e+02 1.590000000000000000e+02 0.000000000000000000e+00
3.500000000000000000e+02 1.588026315789473699e+02 0.000000000000000000e+00
3.490000000000000000e+02 1.583552631578947398e+02 0.000000000000000000e+00
3.480000000000000000e+02 1.580253164556962133e+02 0.000000000000000000e+00
3.479090909090909349e+02 1.580000000000000000e+02 0.000000000000000000e+00
3.470000000000000000e+02 1.577619047619047592e+02 0.000000000000000000e+00
3.460000000000000000e+02 1.574567901234567842e+02 0.000000000000000000e+00
3.450000000000000000e+02 1.570389610389610482e+02 0.000000000000000000e+00
3.449117647058823763e+02 1.570000000000000000e+02 0.000000000000000000e+00
3.440000000000000000e+02 1.565921052631578902e+02 0.000000000000000000e+00
3.430000000000000000e+02 1.561999999999999886e+02 0.000000000000000000e+00
3.424642857142857224e+02 1.560000000000000000e+02 0.000000000000000000e+00
3.420000000000000000e+02 1.558375000000000057e+02 0.000000000000000000e+00
3.410000000000000000e+02 1.554683544303797476e+02 0.000000000000000000e+00
3.400000000000000000e+02 1.550526315789473699e+02 0.000000000000000000e+00
3.398709677419354875e+02 1.550000000000000000e+02 0.000000000000000000e+00
3.390000000000000000e+02 1.546707317073170600e+02 0.000000000000000000e+00
3.380000000000000000e+02 1.543253012048192829e+02 0.000000000000000000e+00
3.370000000000000000e+02 1.540116279069767415e+02 0.000000000000000000e+00
3.369523809523809632e+02 1.540000000000000000e+02 0.000000000000000000e+00
3.360000000000000000e+02 1.537468354430379804e+02 0.000000000000000000e+00
3.350000000000000000e+02 1.534657534246575210e+02 0.000000000000000000e+00
3.340000000000000000e+02 1.531780821917808169e+02 0.000000000000000000e+00
3.332352941176470722e+02 1.530000000000000000e+02 0.000000000000000000e+00
3.330000000000000000e+02 1.529480519480519547e+02 0.000000000000000000e+00
3.320000000000000000e+02 1.526923076923076792e+02 0.000000000000000000e+00
3.310000000000000000e+02 1.524875000000000114e+02 0.000000000000000000e+00
3.300000000000000000e+02 1.522716049382715937e+02 0.000000000000000000e+00
3.291851851851851620e+02 1.520000000000000000e+02 0.000000000000000000e+00
3.290000000000000000e+02 1.519315068493150704e+02 0.000000000000000000e+00
3.280000000000000000e+02 1.515733333333333235e+02 0.000000000000000000e+00
3.270000000000000000e+02 1.513076923076923208e+02 0.000000000000000000e+00
3.260000000000000000e+02 1.510897435897435912e+02 0.000000000000000000e+00
3.256315789473684390e+02 1.510000000000000000e+02 0.000000000000000000e+00
3.250000000000000000e+02 1.508356164383561691e+02 0.000000000000000000e+00
3.240000000000000000e+02 1.505263157894736707e+02 0.000000000000000000e+00
3.230000000000000000e+02 1.502133333333333383e+02 0.000000000000000000e+00
3.220000000000000000e+02 1.500131578947368496e+02 0.000000000000000000e+00
3.219411764705882320e+02 1.500000000000000000e+02 0.000000000000000000e+00
3.210000000000000000e+02 1.498072289156626482e+02 0.000000000000000000e+00
3.200000000000000000e+02 1.495647058823529392e+02 0.000000000000000000e+00
3.190000000000000000e+02 1.492941176470588118e+02 0.000000000000000000e+00
3.180000000000000000e+02 1.490116279069767415e+02 0.000000000000000000e+00
3.179599999999999795e+02 1.490000000000000000e+02 0.000000000000000000e+00
3.170000000000000000e+02 1.487209302325581461e+02 0.000000000000000000e+00
3.160000000000000000e+02 1.484235294117647186e+02 0.000000000000000000e+00
3.150000000000000000e+02 1.481538461538461604e+02 0.000000000000000000e+00
3.143684210526315610e+02 1.480000000000000000e+02 0.000000000000000000e+00
3.140000000000000000e+02 1.479102564102564088e+02 0.000000000000000000e+00
3.130000000000000000e+02 1.476624999999999943e+02 0.000000000000000000e+00
3.120000000000000000e+02 1.474390243902439011e+02 0.000000000000000000e+00
3.110000000000000000e+02 1.472168674698795314e+02 0.000000000000000000e+00
3.100000000000000000e+02 1.470119047619047592e+02 0.000000000000000000e+00
3.099473684210526585e+02 1.470000000000000000e+02 0.000000000000000000e+00
3.090000000000000000e+02 1.467831325301204686e+02 0.000000000000000000e+00
3.080000000000000000e+02 1.465180722891566347e+02 0.000000000000000000e+00
3.070000000000000000e+02 1.462738095238095184e+02 0.000000000000000000e+00
3.060000000000000000e+02 1.460625000000000000e+02 0.000000000000000000e+00
3.057222222222222285e+02 1.460000000000000000e+02 0.000000000000000000e+00
3.050000000000000000e+02 1.458433734939759177e+02 0.000000000000000000e+00
3.040000000000000000e+02 1.456867469879518069e+02 0.000000000000000000e+00
3.030000000000000000e+02 1.455764705882352814e+02 0.000000000000000000e+00
3.020000000000000000e+02 1.454883720930232585e+02 0.000000000000000000e+00
3.010000000000000000e+02 1.454117647058823479e+02 0.000000000000000000e+00
3.000000000000000000e+02 1.453086419753086318e+02 0.000000000000000000e+00
2.990000000000000000e+02 1.452289156626505928e+02 0.000000000000000000e+00
2.980000000000000000e+02 1.451529411764705912e+02 0.000000000000000000e+00
2.970000000000000000e+02 1.450116279069767415e+02 0.000000000000000000e+00
2.968999999999999773e+02 1.450000000000000000e+02 0.000000000000000000e+00
2.960000000000000000e+02 1.448941176470588346e+02 0.000000000000000000e+00
2.950000000000000000e+02 1.447951807228915584e+02 0.000000000000000000e+00
2.940000000000000000e+02 1.447375000000000114e+02 0.000000000000000000e+00
2.930000000000000000e+02 1.446578947368421098e+02 0.000000000000000000e+00
2.920000000000000000e+02 1.445068493150685072e+02 0.000000000000000000e+00
2.910000000000000000e+02 1.443239436619718390e+02 0.000000000000000000e+00
2.900000000000000000e+02 1.441142857142857281e+02 0.000000000000000000e+00
2.893333333333333144e+02 1.440000000000000000e+02 0.000000000000000000e+00
2.890000000000000000e+02 1.439459459459459367e+02 0.000000000000000000e+00
2.880000000000000000e+02 1.437721518987341653e+02 0.000000000000000000e+00
2.870000000000000000e+02 1.436024096385542066e+02 0.000000000000000000e+00
2.860000000000000000e+02 1.434252873563218316e+02 0.000000000000000000e+00
2.850000000000000000e+02 1.433406593406593288e+02 0.000000000000000000e+00
2.840000000000000000e+02 1.433333333333333428e+02 0.000000000000000000e+00
2.830000000000000000e+02 1.433645833333333428e+02 0.000000000000000000e+00
2.820000000000000000e+02 1.433440860215053760e+02 0.000000000000000000e+00
2.810000000000000000e+02 1.432916666666666572e+02 0.000000000000000000e+00
2.800000000000000000e+02 1.432395833333333428e+02 0.000000000000000000e+00
2.790000000000000000e+02 1.432043010752688303e+02 0.000000000000000000e+00
2.780000000000000000e+02 1.431702127659574444e+02 0.000000000000000000e+00
2.770000000000000000e+02 1.430947368421052772e+02 0.000000000000000000e+00
2.761818181818181870e+02 1.430000000000000000e+02 0.000000000000000000e+00
2.760000000000000000e+02 1.429791666666666572e+02 0.000000000000000000e+00
2.750000000000000000e+02 1.428924731182795824e+02 0.000000000000000000e+00
2.740000000000000000e+02 1.427912087912087884e+02 0.000000000000000000e+00
2.730000000000000000e+02 1.427391304347825951e+02 0.000000000000000000e+00
2.720000000000000000e+02 1.426595744680851112e+02 0.000000000000000000e+00
2.710000000000000000e+02 1.426701030927835063e+02 0.000000000000000000e+00
2.700000000000000000e+02 1.427755102040816269e+02 0.000000000000000000e+00
2.690000000000000000e+02 1.428061224489795791e+02 0.000000000000000000e+00
2.680000000000000000e+02 1.428041237113401962e+02 0.000000000000000000e+00
2.670000000000000000e+02 1.428100000000000023e+02 0.000000000000000000e+00
2.660000000000000000e+02 1.428787878787878753e+02 0.000000000000000000e+00
2.650000000000000000e+02 1.429793814432989620e+02 0.000000000000000000e+00
2.645000000000000000e+02 1.430000000000000000e+02 0.000000000000000000e+00
2.640000000000000000e+02 1.430202020202020208e+02 0.000000000000000000e+00
2.630000000000000000e+02 1.430576923076923208e+02 0.000000000000000000e+00
2.620000000000000000e+02 1.431238095238095127e+02 0.000000000000000000e+00
2.610000000000000000e+02 1.431634615384615472e+02 0.000000000000000000e+00
2.600000000000000000e+02 1.431826923076923208e+02 0.000000000000000000e+00
2.590000000000000000e+02 1.432037037037036953e+02 0.000000000000000000e+00
2.580000000000000000e+02 1.432037037037036953e+02 0.000000000000000000e+00
2.570000000000000000e+02 1.432181818181818187e+02 0.000000000000000000e+00
2.560000000000000000e+02 1.432612612612612679e+02 0.000000000000000000e+00
2.550000000000000000e+02 1.434339622641509493e+02 0.000000000000000000e+00
2.540000000000000000e+02 1.437142857142857224e+02 0.000000000000000000e+00
2.530000000000000000e+02 1.440000000000000000e+02 0.000000000000000000e+00
2.520000000000000000e+02 1.441531531531531414e+02 0.000000000000000000e+00
2.510000000000000000e+02 1.442169811320754604e+02 0.000000000000000000e+00
2.500000000000000000e+02 1.443142857142857167e+02 0.000000000000000000e+00
2.490000000000000000e+02 1.444230769230769340e+02 0.000000000000000000e+00
2.480000000000000000e+02 1.444757281553397945e+02 0.000000000000000000e+00
2.470000000000000000e+02 1.445242718446602055e+02 0.000000000000000000e+00
2.460000000000000000e+02 1.445784313725490335e+02 0.000000000000000000e+00
2.450000000000000000e+02 1.445714285714285836e+02 0.000000000000000000e+00
2.440000000000000000e+02 1.445918367346938851e+02 0.000000000000000000e+00
2.430000000000000000e+02 1.446494845360824684e+02 0.000000000000000000e+00
2.420000000000000000e+02 1.447052631578947341e+02 0.000000000000000000e+00
2.410000000000000000e+02 1.447777777777777715e+02 0.000000000000000000e+00
2.400000000000000000e+02 1.448131868131868032e+02 0.000000000000000000e+00
2.390000000000000000e+02 1.447938144329896772e+02 0.000000000000000000e+00
2.380000000000000000e+02 1.448190476190476090e+02 0.000000000000000000e+00
2.370000000000000000e+02 1.448921568627451109e+02 0.000000000000000000e+00
2.360000000000000000e+02 1.449803921568627345e+02 0.000000000000000000e+00
2.356666666666666572e+02 1.450000000000000000e+02 0.000000000000000000e+00
2.350000000000000000e+02 1.450388349514563231e+02 0.000000000000000000e+00
2.340000000000000000e+02 1.450202020202020208e+02 0.000000000000000000e+00
2.330000000000000000e+02 1.451111111111111143e+02 0.000000000000000000e+00
2.320000000000000000e+02 1.453092783505154557e+02 0.000000000000000000e+00
2.310000000000000000e+02 1.455000000000000000e+02 0.000000000000000000e+00
2.300000000000000000e+02 1.457500000000000000e+02 0.000000000000000000e+00
2.290000000000000000e+02 1.459891304347825951e+02 0.000000000000000000e+00
2.289230769230769340e+02 1.460000000000000000e+02 0.000000000000000000e+00
2.280000000000000000e+02 1.461263157894736935e+02 0.000000000000000000e+00
2.270000000000000000e+02 1.462903225806451530e+02 0.000000000000000000e+00
2.260000000000000000e+02 1.465164835164835040e+02 0.000000000000000000e+00
2.250000000000000000e+02 1.467666666666666799e+02 0.000000000000000000e+00
2.240869565217391255e+02 1.470000000000000000e+02 0.000000000000000000e+00
2.240000000000000000e+02 1.470224719101123583e+02 0.000000000000000000e+00
2.230000000000000000e+02 1.472891566265060135e+02 0.000000000000000000e+00
2.220000000000000000e+02 1.475232558139534831e+02 0.000000000000000000e+00
2.210000000000000000e+02 1.477674418604651123e+02 0.000000000000000000e+00
2.201666666666666572e+02 1.480000000000000000e+02 0.000000000000000000e+00
2.200000000000000000e+02 1.480434782608695627e+02 0.000000000000000000e+00
2.190000000000000000e+02 1.482988505747126453e+02 0.000000000000000000e+00
2.180000000000000000e+02 1.486352941176470495e+02 0.000000000000000000e+00
2.170000000000000000e+02 1.490000000000000000e+02 0.000000000000000000e+00
2.160000000000000000e+02 1.492604166666666572e+02 0.000000000000000000e+00
2.150000000000000000e+02 1.495376344086021447e+02 0.000000000000000000e+00
2.140000000000000000e+02 1.498666666666666742e+02 0.000000000000000000e+00
2.135200000000000102e+02 1.500000000000000000e+02 0.000000000000000000e+00
2.130000000000000000e+02 1.501477272727272805e+02 0.000000000000000000e+00
2.120000000000000000e+02 1.503595505617977608e+02 0.000000000000000000e+00
2.110000000000000000e+02 1.505494505494505404e+02 0.000000000000000000e+00
2.100000000000000000e+02 1.507604166666666572e+02 0.000000000000000000e+00
2.093235294117646959e+02 1.510000000000000000e+02 0.000000000000000000e+00
2.090000000000000000e+02 1.511111111111111143e+02 0.000000000000000000e+00
2.080000000000000000e+02 1.516250000000000000e+02 0.000000000000000000e+00
2.073275862068965409e+02 1.520000000000000000e+02 0.000000000000000000e+00
2.070000000000000000e+02 1.521727272727272862e+02 0.000000000000000000e+00
2.060000000000000000e+02 1.525909090909090935e+02 0.000000000000000000e+00
2.050816326530612344e+02 1.530000000000000000e+02 0.000000000000000000e+00
2.050000000000000000e+02 1.530360360360360232e+02 0.000000000000000000e+00
2.040000000000000000e+02 1.535044247787610630e+02 0.000000000000000000e+00
2.030344827586206975e+02 1.540000000000000000e+02 0.000000000000000000e+00
2.030000000000000000e+02 1.540188679245283083e+02 0.000000000000000000e+00
2.020000000000000000e+02 1.545728155339805880e+02 0.000000000000000000e+00
2.012666666666666799e+02 1.550000000000000000e+02 0.000000000000000000e+00
2.010000000000000000e+02 1.551481481481481524e+02 0.000000000000000000e+00
2.000000000000000000e+02 1.556576576576576656e+02 0.000000000000000000e+00
1.992962962962963047e+02 1.560000000000000000e+02 0.000000000000000000e+00
1.990000000000000000e+02 1.561568627450980387e+02 0.000000000000000000e+00
1.980000000000000000e+02 1.567500000000000000e+02 0.000000000000000000e+00
1.976323529411764639e+02 1.570000000000000000e+02 0.000000000000000000e+00
1.970000000000000000e+02 1.574623655913978553e+02 0.000000000000000000e+00
1.962957746478873275e+02 1.580000000000000000e+02 0.000000000000000000e+00
1.960000000000000000e+02 1.582142857142857224e+02 0.000000000000000000e+00
1.950000000000000000e+02 1.589787234042553052e+02 0.000000000000000000e+00
1.949729729729729684e+02 1.590000000000000000e+02 0.000000000000000000e+00
1.940000000000000000e+02 1.598372093023255900e+02 0.000000000000000000e+00
1.938133333333333326e+02 1.600000000000000000e+02 0.000000000000000000e+00
1.930000000000000000e+02 1.606777777777777771e+02 0.000000000000000000e+00
1.925857142857142890e+02 1.610000000000000000e+02 0.000000000000000000e+00
1.920000000000000000e+02 1.614361702127659441e+02 0.000000000000000000e+00
1.911969696969696884e+02 1.620000000000000000e+02 0.000000000000000000e+00
1.910000000000000000e+02 1.621494252873563084e+02 0.000000000000000000e+00
1.900000000000000000e+02 1.628888888888888857e+02 0.000000000000000000e+00
1.898507462686567067e+02 1.630000000000000000e+02 0.000000000000000000e+00
1.890000000000000000e+02 1.635999999999999943e+02 0.000000000000000000e+00
1.884153846153846246e+02 1.640000000000000000e+02 0.000000000000000000e+00
1.880000000000000000e+02 1.642842105263158032e+02 0.000000000000000000e+00
1.870422535211267530e+02 1.650000000000000000e+02 0.000000000000000000e+00
1.870000000000000000e+02 1.650319148936170279e+02 0.000000000000000000e+00
1.860000000000000000e+02 1.657912087912087884e+02 0.000000000000000000e+00
1.857361111111111143e+02 1.660000000000000000e+02 0.000000000000000000e+00
1.850000000000000000e+02 1.666385542168674760e+02 0.000000000000000000e+00
1.845714285714285836e+02 1.670000000000000000e+02 0.000000000000000000e+00
1.840000000000000000e+02 1.674705882352941160e+02 0.000000000000000000e+00
1.834230769230769340e+02 1.680000000000000000e+02 0.000000000000000000e+00
1.830000000000000000e+02 1.683750000000000000e+02 0.000000000000000000e+00
1.822857142857142776e+02 1.690000000000000000e+02 0.000000000000000000e+00
1.820000000000000000e+02 1.692391304347825951e+02 0.000000000000000000e+00
1.811358024691357969e+02 1.700000000000000000e+02 0.000000000000000000e+00
1.810000000000000000e+02 1.701294117647058783e+02 0.000000000000000000e+00
1.800133333333333212e+02 1.710000000000000000e+02 0.000000000000000000e+00
1.800000000000000000e+02 1.710121951219512084e+02 0.000000000000000000e+00
1.790000000000000000e+02 1.718571428571428612e+02 0.000000000000000000e+00
1.788518518518518476e+02 1.720000000000000000e+02 0.000000000000000000e+00
1.780000000000000000e+02 1.729718309859154886e+02 0.000000000000000000e+00
1.779733333333333292e+02 1.730000000000000000e+02 0.000000000000000000e+00
1.770000000000000000e+02 1.739124999999999943e+02 0.000000000000000000e+00
1.768939393939394051e+02 1.740000000000000000e+02 0.000000000000000000e+00
1.760000000000000000e+02 1.747283950617284063e+02 0.000000000000000000e+00
1.756811594202898448e+02 1.750000000000000000e+02 0.000000000000000000e+00
1.750000000000000000e+02 1.755875000000000057e+02 0.000000000000000000e+00
1.745875000000000057e+02 1.760000000000000000e+02 0.000000000000000000e+00
1.740000000000000000e+02 1.766184210526315894e+02 0.000000000000000000e+00
1.736419753086419746e+02 1.770000000000000000e+02 0.000000000000000000e+00
1.730000000000000000e+02 1.776933333333333280e+02 0.000000000000000000e+00
1.727088607594936605e+02 1.780000000000000000e+02 0.000000000000000000e+00
1.720000000000000000e+02 1.787887323943662068e+02 0.000000000000000000e+00
1.718051948051948159e+02 1.790000000000000000e+02 0.000000000000000000e+00
1.710000000000000000e+02 1.799393939393939377e+02 0.000000000000000000e+00
1.709523809523809632e+02 1.800000000000000000e+02 0.000000000000000000e+00
1.701785714285714164e+02 1.810000000000000000e+02 0.000000000000000000e+00
1.700000000000000000e+02 1.812173913043478137e+02 0.000000000000000000e+00
1.693249999999999886e+02 1.820000000000000000e+02 0.000000000000000000e+00
1.690000000000000000e+02 1.823823529411764639e+02 0.000000000000000000e+00
1.684324324324324209e+02 1.830000000000000000e+02 0.000000000000000000e+00
1.680000000000000000e+02 1.834848484848484986e+02 0.000000000000000000e+00
1.675405405405405475e+02 1.840000000000000000e+02 0.000000000000000000e+00
1.670000000000000000e+02 1.845797101449275317e+02 0.000000000000000000e+00
1.665538461538461661e+02 1.850000000000000000e+02 0.000000000000000000e+00
1.660000000000000000e+02 1.854235294117647186e+02 0.000000000000000000e+00
1.652343750000000000e+02 1.860000000000000000e+02 0.000000000000000000e+00
1.650000000000000000e+02 1.862054794520547887e+02 0.000000000000000000e+00
1.641076923076923038e+02 1.870000000000000000e+02 0.000000000000000000e+00
1.640000000000000000e+02 1.870933333333333337e+02 0.000000000000000000e+00
1.630000000000000000e+02 1.879480519480519547e+02 0.000000000000000000e+00
1.629411764705882320e+02 1.880000000000000000e+02 0.000000000000000000e+00
1.620000000000000000e+02 1.889552238805970035e+02 0.000000000000000000e+00
1.619589041095890423e+02 1.890000000000000000e+02 0.000000000000000000e+00
1.611081081081080981e+02 1.900000000000000000e+02 0.000000000000000000e+00
1.610000000000000000e+02 1.901311475409836191e+02 0.000000000000000000e+00
1.602535211267605746e+02 1.910000000000000000e+02 0.000000000000000000e+00
1.600000000000000000e+02 1.913103448275862206e+02 0.000000000000000000e+00
1.594520547945205351e+02 1.920000000000000000e+02 0.000000000000000000e+00
1.590000000000000000e+02 1.925500000000000114e+02 0.000000000000000000e+00
1.586707317073170600e+02 1.930000000000000000e+02 0.000000000000000000e+00
1.580000000000000000e+02 1.939016393442622928e+02 0.000000000000000000e+00
1.579277108433734895e+02 1.940000000000000000e+02 0.000000000000000000e+00
1.572441860465116292e+02 1.950000000000000000e+02 0.000000000000000000e+00
1.570000000000000000e+02 1.953387096774193594e+02 0.000000000000000000e+00
1.565543478260869676e+02 1.960000000000000000e+02 0.000000000000000000e+00
1.560000000000000000e+02 1.968644067796610102e+02 0.000000000000000000e+00
1.559157894736842138e+02 1.970000000000000000e+02 0.000000000000000000e+00
1.552553191489361666e+02 1.980000000000000000e+02 0.000000000000000000e+00
1.550000000000000000e+02 1.984285714285714164e+02 0.000000000000000000e+00
1.546521739130434696e+02 1.990000000000000000e+02 0.000000000000000000e+00
1.540108695652174049e+02 2.000000000000000000e+02 0.000000000000000000e+00
1.540000000000000000e+02 2.000163934426229559e+02 0.000000000000000000e+00
1.534000000000000057e+02 2.010000000000000000e+02 0.000000000000000000e+00
1.530000000000000000e+02 2.017547169811320771e+02 0.000000000000000000e+00
1.528631578947368439e+02 2.020000000000000000e+02 0.000000000000000000e+00
1.522291666666666572e+02 2.030000000000000000e+02 0.000000000000000000e+00
1.520000000000000000e+02 2.033142857142857167e+02 0.000000000000000000e+00
1.514482758620689538e+02 2.040000000000000000e+02 0.000000000000000000e+00
1.510000000000000000e+02 2.045416666666666572e+02 0.000000000000000000e+00
1.506632653061224403e+02 2.050000000000000000e+02 0.000000000000000000e+00
1.500918367346938851e+02 2.060000000000000000e+02 0.000000000000000000e+00
1.500000000000000000e+02 2.061764705882353041e+02 0.000000000000000000e+00
1.495999999999999943e+02 2.070000000000000000e+02 0.000000000000000000e+00
1.491456310679611761e+02 2.080000000000000000e+02 0.000000000000000000e+00
1.490000000000000000e+02 2.083658536585365937e+02 0.000000000000000000e+00
1.487346938775510239e+02 2.090000000000000000e+02 0.000000000000000000e+00
1.483979591836734642e+02 2.100000000000000000e+02 0.000000000000000000e+00
1.480947368421052772e+02 2.110000000000000000e+02 0.000000000000000000e+00
1.480000000000000000e+02 2.115000000000000000e+02 0.000000000000000000e+00
1.478977272727272805e+02 2.120000000000000000e+02 0.000000000000000000e+00
1.477790697674418539e+02 2.130000000000000000e+02 0.000000000000000000e+00
1.476888888888888971e+02 2.140000000000000000e+02 0.000000000000000000e+00
1.475052631578947455e+02 2.150000000000000000e+02 0.000000000000000000e+00
1.473020833333333428e+02 2.160000000000000000e+02 0.000000000000000000e+00
1.471333333333333258e+02 2.170000000000000000e+02 0.000000000000000000e+00
1.470000000000000000e+02 2.180000000000000000e+02 0.000000000000000000e+00
1.470238095238095184e+02 2.190000000000000000e+02 0.000000000000000000e+00
1.471494252873563084e+02 2.200000000000000000e+02 0.000000000000000000e+00
1.472045454545454675e+02 2.210000000000000000e+02 0.000000000000000000e+00
1.473333333333333428e+02 2.220000000000000000e+02 0.000000000000000000e+00
1.475135135135135158e+02 2.230000000000000000e+02 0.000000000000000000e+00
1.477118644067796538e+02 2.240000000000000000e+02 0.000000000000000000e+00
1.477741935483871032e+02 2.250000000000000000e+02 0.000000000000000000e+00
1.476212121212121247e+02 2.260000000000000000e+02 0.000000000000000000e+00
1.473333333333333428e+02 2.270000000000000000e+02 0.000000000000000000e+00
1.470000000000000000e+02 2.278750000000000000e+02 0.000000000000000000e+00
1.469363636363636374e+02 2.280000000000000000e+02 0.000000000000000000e+00
1.462692307692307736e+02 2.290000000000000000e+02 0.000000000000000000e+00
1.460000000000000000e+02 2.294268292682926926e+02 0.000000000000000000e+00
1.455727272727272634e+02 2.300000000000000000e+02 0.000000000000000000e+00
1.450695652173913004e+02 2.310000000000000000e+02 0.000000000000000000e+00
1.450000000000000000e+02 2.311777777777777771e+02 0.000000000000000000e+00
1.446542056074766265e+02 2.320000000000000000e+02 0.000000000000000000e+00
1.444607843137254974e+02 2.330000000000000000e+02 0.000000000000000000e+00
1.445999999999999943e+02 2.340000000000000000e+02 0.000000000000000000e+00
1.447631578947368496e+02 2.350000000000000000e+02 0.000000000000000000e+00
1.442317073170731589e+02 2.360000000000000000e+02 0.000000000000000000e+00
1.440000000000000000e+02 2.363392857142857224e+02 0.000000000000000000e+00
1.435697674418604777e+02 2.370000000000000000e+02 0.000000000000000000e+00
1.431058823529411654e+02 2.380000000000000000e+02 0.000000000000000000e+00
1.430000000000000000e+02 2.382249999999999943e+02 0.000000000000000000e+00
1.426265060240963862e+02 2.390000000000000000e+02 0.000000000000000000e+00
1.422777777777777715e+02 2.400000000000000000e+02 0.000000000000000000e+00
1.420000000000000000e+02 2.408333333333333428e+02 0.000000000000000000e+00
1.419438202247191043e+02 2.410000000000000000e+02 0.000000000000000000e+00
1.416352941176470495e+02 2.420000000000000000e+02 0.000000000000000000e+00
1.414024390243902474e+02 2.430000000000000000e+02 0.000000000000000000e+00
1.411647058823529335e+02 2.440000000000000000e+02 0.000000000000000000e+00
1.410000000000000000e+02 2.445833333333333428e+02 0.000000000000000000e+00
1.408765432098765302e+02 2.450000000000000000e+02 0.000000000000000000e+00
1.406493506493506516e+02 2.460000000000000000e+02 0.000000000000000000e+00
1.403698630136986196e+02 2.470000000000000000e+02 0.000000000000000000e+00
1.400147058823529278e+02 2.480000000000000000e+02 0.000000000000000000e+00
1.400000000000000000e+02 2.480454545454545325e+02 0.000000000000000000e+00
1.396718750000000000e+02 2.490000000000000000e+02 0.000000000000000000e+00
1.394117647058823479e+02 2.500000000000000000e+02 0.000000000000000000e+00
1.392533333333333303e+02 2.510000000000000000e+02 0.000000000000000000e+00
1.391139240506329031e+02 2.520000000000000000e+02 0.000000000000000000e+00
1.391481481481481524e+02 2.530000000000000000e+02 0.000000000000000000e+00
1.392941176470588118e+02 2.540000000000000000e+02 0.000000000000000000e+00
1.393888888888888857e+02 2.550000000000000000e+02 0.000000000000000000e+00
1.395789473684210407e+02 2.560000000000000000e+02 0.000000000000000000e+00
1.398499999999999943e+02 2.570000000000000000e+02 0.000000000000000000e+00
1.400000000000000000e+02 2.575000000000000000e+02 0.000000000000000000e+00
1.401428571428571388e+02 2.580000000000000000e+02 0.000000000000000000e+00
1.404678899082568932e+02 2.590000000000000000e+02 0.000000000000000000e+00
1.408073394495412742e+02 2.600000000000000000e+02 0.000000000000000000e+00
1.410000000000000000e+02 2.606000000000000227e+02 0.000000000000000000e+00
1.411238938053097343e+02 2.610000000000000000e+02 0.000000000000000000e+00
1.414727272727272691e+02 2.620000000000000000e+02 0.000000000000000000e+00
1.418440366972477023e+02 2.630000000000000000e+02 0.000000000000000000e+00
1.420000000000000000e+02 2.634047619047619264e+02 0.000000000000000000e+00
1.422293577981651254e+02 2.640000000000000000e+02 0.000000000000000000e+00
1.426759259259259238e+02 2.650000000000000000e+02 0.000000000000000000e+00
1.430000000000000000e+02 2.656250000000000000e+02 0.000000000000000000e+00
1.431858407079646156e+02 2.660000000000000000e+02 0.000000000000000000e+00
1.435948275862068897e+02 2.670000000000000000e+02 0.000000000000000000e+00
1.440000000000000000e+02 2.679215686274509949e+02 0.000000000000000000e+00
1.440370370370370381e+02 2.680000000000000000e+02 0.000000000000000000e+00
1.445607476635514104e+02 2.690000000000000000e+02 0.000000000000000000e+00
1.450000000000000000e+02 2.698545454545454731e+02 0.000000000000000000e+00
1.450776699029126178e+02 2.700000000000000000e+02 0.000000000000000000e+00
1.457448979591836746e+02 2.710000000000000000e+02 0.000000000000000000e+00
1.460000000000000000e+02 2.713968253968254203e+02 0.000000000000000000e+00
1.463799999999999955e+02 2.720000000000000000e+02 0.000000000000000000e+00
1.470000000000000000e+02 2.729538461538461434e+02 0.000000000000000000e+00
1.470297029702970235e+02 2.730000000000000000e+02 0.000000000000000000e+00
1.478000000000000114e+02 2.740000000000000000e+02 0.000000000000000000e+00
1.480000000000000000e+02 2.743030303030303116e+02 0.000000000000000000e+00
1.484220183486238511e+02 2.750000000000000000e+02 0.000000000000000000e+00
1.490000000000000000e+02 2.759264705882353041e+02 0.000000000000000000e+00
1.490454545454545325e+02 2.760000000000000000e+02 0.000000000000000000e+00
1.497592592592592666e+02 2.770000000000000000e+02 0.000000000000000000e+00
1.500000000000000000e+02 2.773333333333333144e+02 0.000000000000000000e+00
1.504482758620689538e+02 2.780000000000000000e+02 0.000000000000000000e+00
1.510000000000000000e+02 2.788648648648648418e+02 0.000000000000000000e+00
1.510943396226415132e+02 2.790000000000000000e+02 0.000000000000000000e+00
1.518584905660377444e+02 2.800000000000000000e+02 0.000000000000000000e+00
1.520000000000000000e+02 2.801923076923076792e+02 0.000000000000000000e+00
1.526428571428571388e+02 2.810000000000000000e+02 0.000000000000000000e+00
1.530000000000000000e+02 2.814069767441860677e+02 0.000000000000000000e+00
1.536374999999999886e+02 2.820000000000000000e+02 0.000000000000000000e+00
1.540000000000000000e+02 2.823186813186813424e+02 0.000000000000000000e+00
1.548266666666666538e+02 2.830000000000000000e+02 0.000000000000000000e+00
1.550000000000000000e+02 2.831511627906976969e+02 0.000000000000000000e+00
1.560000000000000000e+02 2.840000000000000000e+02 0.000000000000000000e+00
1.570000000000000000e+02 2.849736842105263008e+02 0.000000000000000000e+00
1.570263157894736707e+02 2.850000000000000000e+02 0.000000000000000000e+00
1.579382716049382793e+02 2.860000000000000000e+02 0.000000000000000000e+00
1.580000000000000000e+02 2.860714285714285552e+02 0.000000000000000000e+00
1.587647058823529278e+02 2.870000000000000000e+02 0.000000000000000000e+00
1.590000000000000000e+02 2.872816901408450576e+02 0.000000000000000000e+00
1.596374999999999886e+02 2.880000000000000000e+02 0.000000000000000000e+00
1.600000000000000000e+02 2.884461538461538339e+02 0.000000000000000000e+00
1.604390243902439011e+02 2.890000000000000000e+02 0.000000000000000000e+00
1.610000000000000000e+02 2.896666666666666856e+02 0.000000000000000000e+00
1.613026315789473699e+02 2.900000000000000000e+02 0.000000000000000000e+00
1.620000000000000000e+02 2.907681159420289987e+02 0.000000000000000000e+00
1.622318840579710013e+02 2.910000000000000000e+02 0.000000000000000000e+00
1.630000000000000000e+02 2.918030303030303116e+02 0.000000000000000000e+00
1.631756756756756772e+02 2.920000000000000000e+02 0.000000000000000000e+00
1.640000000000000000e+02 2.929531250000000000e+02 0.000000000000000000e+00
1.640370370370370381e+02 2.930000000000000000e+02 0.000000000000000000e+00
1.648000000000000114e+02 2.940000000000000000e+02 0.000000000000000000e+00
1.650000000000000000e+02 2.942656250000000000e+02 0.000000000000000000e+00
1.656266666666666652e+02 2.950000000000000000e+02 0.000000000000000000e+00
1.660000000000000000e+02 2.954057971014492523e+02 0.000000000000000000e+00
1.666406250000000000e+02 2.960000000000000000e+02 0.000000000000000000e+00
1.670000000000000000e+02 2.963432835820895548e+02 0.000000000000000000e+00
1.676197183098591665e+02 2.970000000000000000e+02 0.000000000000000000e+00
1.680000000000000000e+02 2.973802816901408619e+02 0.000000000000000000e+00
1.686197183098591665e+02 2.980000000000000000e+02 0.000000000000000000e+00
1.690000000000000000e+02 2.983552631578947398e+02 0.000000000000000000e+00
1.696363636363636260e+02 2.990000000000000000e+02 0.000000000000000000e+00
1.700000000000000000e+02 2.993943661971831034e+02 0.000000000000000000e+00
1.706056338028168966e+02 3.000000000000000000e+02 0.000000000000000000e+00
1.710000000000000000e+02 3.003373493975903443e+02 0.000000000000000000e+00
1.717333333333333201e+02 3.010000000000000000e+02 0.000000000000000000e+00
1.720000000000000000e+02 3.012597402597402834e+02 0.000000000000000000e+00
1.727599999999999909e+02 3.020000000000000000e+02 0.000000000000000000e+00
1.730000000000000000e+02 3.022337662337662323e+02 0.000000000000000000e+00
1.739516129032257936e+02 3.030000000000000000e+02 0.000000000000000000e+00
1.740000000000000000e+02 3.030394736842105203e+02 0.000000000000000000e+00
1.750000000000000000e+02 3.038846153846153584e+02 0.000000000000000000e+00
1.751428571428571388e+02 3.040000000000000000e+02 0.000000000000000000e+00
1.760000000000000000e+02 3.046750000000000114e+02 0.000000000000000000e+00
1.763823529411764639e+02 3.050000000000000000e+02 0.000000000000000000e+00
1.770000000000000000e+02 3.054827586206896513e+02 0.000000000000000000e+00
1.776716417910447774e+02 3.060000000000000000e+02 0.000000000000000000e+00
1.780000000000000000e+02 3.062650602409638623e+02 0.000000000000000000e+00
1.789104477611940354e+02 3.070000000000000000e+02 0.000000000000000000e+00
1.790000000000000000e+02 3.070749999999999886e+02 0.000000000000000000e+00
1.800000000000000000e+02 3.079277108433735179e+02 0.000000000000000000e+00
1.800857142857142890e+02 3.080000000000000000e+02 0.000000000000000000e+00
1.810000000000000000e+02 3.087272727272727479e+02 0.000000000000000000e+00
1.813582089552238870e+02 3.090000000000000000e+02 0.000000000000000000e+00
1.820000000000000000e+02 3.095058823529411711e+02 0.000000000000000000e+00
1.826268656716417809e+02 3.100000000000000000e+02 0.000000000000000000e+00
1.830000000000000000e+02 3.102976190476190368e+02 0.000000000000000000e+00
1.840000000000000000e+02 3.109883720930232585e+02 0.000000000000000000e+00
1.840172413793103487e+02 3.110000000000000000e+02 0.000000000000000000e+00
1.850000000000000000e+02 3.116063829787233885e+02 0.000000000000000000e+00
1.855606060606060623e+02 3.120000000000000000e+02 0.000000000000000000e+00
1.860000000000000000e+02 3.123536585365853853e+02 0.000000000000000000e+00
1.868412698412698489e+02 3.130000000000000000e+02 0.000000000000000000e+00
1.870000000000000000e+02 3.131123595505617914e+02 0.000000000000000000e+00
1.880000000000000000e+02 3.137765957446808329e+02 0.000000000000000000e+00
1.883230769230769113e+02 3.140000000000000000e+02 0.000000000000000000e+00
1.890000000000000000e+02 3.144680851063830005e+02 0.000000000000000000e+00
1.897462686567164099e+02 3.150000000000000000e+02 0.000000000000000000e+00
1.900000000000000000e+02 3.151808510638297776e+02 0.000000000000000000e+00
1.910000000000000000e+02 3.158229166666666856e+02 0.000000000000000000e+00
1.913035714285714164e+02 3.160000000000000000e+02 0.000000000000000000e+00
1.920000000000000000e+02 3.164062500000000000e+02 0.000000000000000000e+00
1.930000000000000000e+02 3.169797979797979792e+02 0.000000000000000000e+00
1.930322580645161281e+02 3.170000000000000000e+02 0.000000000000000000e+00
1.940000000000000000e+02 3.176060606060606233e+02 0.000000000000000000e+00
1.945909090909090935e+02 3.180000000000000000e+02 0.000000000000000000e+00
1.950000000000000000e+02 3.183000000000000114e+02 0.000000000000000000e+00
1.959843750000000000e+02 3.190000000000000000e+02 0.000000000000000000e+00
1.960000000000000000e+02 3.190117647058823422e+02 0.000000000000000000e+00
1.970000000000000000e+02 3.197272727272727479e+02 0.000000000000000000e+00
1.973692307692307679e+02 3.200000000000000000e+02 0.000000000000000000e+00
1.980000000000000000e+02 3.204408602150537604e+02 0.000000000000000000e+00
1.989454545454545382e+02 3.210000000000000000e+02 0.000000000000000000e+00
1.990000000000000000e+02 3.210348837209302246e+02 0.000000000000000000e+00
2.000000000000000000e+02 3.216785714285714448e+02 0.000000000000000000e+00
2.005094339622641542e+02 3.220000000000000000e+02 0.000000000000000000e+00
2.010000000000000000e+02 3.223249999999999886e+02 0.000000000000000000e+00
2.020000000000000000e+02 3.228750000000000000e+02 0.000000000000000000e+00
2.022564102564102484e+02 3.230000000000000000e+02 0.000000000000000000e+00
2.030000000000000000e+02 3.233295454545454390e+02 0.000000000000000000e+00
2.040000000000000000e+02 3.237391304347826235e+02 0.000000000000000000e+00
2.047272727272727195e+02 3.240000000000000000e+02 0.000000000000000000e+00
2.050000000000000000e+02 3.241097560975609895e+02 0.000000000000000000e+00
2.060000000000000000e+02 3.244880952380952408e+02 0.000000000000000000e+00
2.070000000000000000e+02 3.248352941176470381e+02 0.000000000000000000e+00
2.074827586206896513e+02 3.250000000000000000e+02 0.000000000000000000e+00
2.080000000000000000e+02 3.252173913043478137e+02 0.000000000000000000e+00
2.090000000000000000e+02 3.257656250000000000e+02 0.000000000000000000e+00
2.094054054054054177e+02 3.260000000000000000e+02 0.000000000000000000e+00
2.100000000000000000e+02 3.263055555555555429e+02 0.000000000000000000e+00
2.110000000000000000e+02 3.267866666666666902e+02 0.000000000000000000e+00
2.115000000000000000e+02 3.270000000000000000e+02 0.000000000000000000e+00
2.120000000000000000e+02 3.271975308641975175e+02 0.000000000000000000e+00
2.130000000000000000e+02 3.275662650602409371e+02 0.000000000000000000e+00
2.140000000000000000e+02 3.279499999999999886e+02 0.000000000000000000e+00
2.141333333333333258e+02 3.280000000000000000e+02 0.000000000000000000e+00
2.150000000000000000e+02 3.283466666666666924e+02 0.000000000000000000e+00
2.160000000000000000e+02 3.286750000000000114e+02 0.000000000000000000e+00
2.168965517241379359e+02 3.290000000000000000e+02 0.000000000000000000e+00
2.170000000000000000e+02 3.290361445783132694e+02 0.000000000000000000e+00
2.180000000000000000e+02 3.294157303370786281e+02 0.000000000000000000e+00
2.190000000000000000e+02 3.297790697674418539e+02 0.000000000000000000e+00
2.195937500000000000e+02 3.300000000000000000e+02 0.000000000000000000e+00
2.200000000000000000e+02 3.301688311688311614e+02 0.000000000000000000e+00
2.210000000000000000e+02 3.305135135135134874e+02 0.000000000000000000e+00
2.220000000000000000e+02 3.307500000000000000e+02 0.000000000000000000e+00
2.230000000000000000e+02 3.308815789473684390e+02 0.000000000000000000e+00
2.239000000000000057e+02 3.310000000000000000e+02 0.000000000000000000e+00
2.240000000000000000e+02 3.310124999999999886e+02 0.000000000000000000e+00
2.250000000000000000e+02 3.311585365853658800e+02 0.000000000000000000e+00
2.260000000000000000e+02 3.313253012048192545e+02 0.000000000000000000e+00
2.270000000000000000e+02 3.315555555555555429e+02 0.000000000000000000e+00
2.280000000000000000e+02 3.318249999999999886e+02 0.000000000000000000e+00
2.288750000000000000e+02 3.320000000000000000e+02 0.000000000000000000e+00
2.290000000000000000e+02 3.320246913580247110e+02 0.000000000000000000e+00
2.300000000000000000e+02 3.321875000000000000e+02 0.000000000000000000e+00
2.310000000000000000e+02 3.323924050632911644e+02 0.000000000000000000e+00
2.320000000000000000e+02 3.326235294117647072e+02 0.000000000000000000e+00
2.330000000000000000e+02 3.328333333333333144e+02 0.000000000000000000e+00
2.336521739130434696e+02 3.330000000000000000e+02 0.000000000000000000e+00
2.340000000000000000e+02 3.330869565217391255e+02 0.000000000000000000e+00
2.350000000000000000e+02 3.333406593406593288e+02 0.000000000000000000e+00
2.360000000000000000e+02 3.335568181818181870e+02 0.000000000000000000e+00
2.370000000000000000e+02 3.337261904761904816e+02 0.000000000000000000e+00
2.380000000000000000e+02 3.337804878048780211e+02 0.000000000000000000e+00
2.390000000000000000e+02 3.338023255813953369e+02 0.000000000000000000e+00
2.400000000000000000e+02 3.338876404494382086e+02 0.000000000000000000e+00
2.406666666666666572e+02 3.340000000000000000e+02 0.000000000000000000e+00
2.410000000000000000e+02 3.340588235294117680e+02 0.000000000000000000e+00
2.420000000000000000e+02 3.342386363636363740e+02 0.000000000000000000e+00
2.430000000000000000e+02 3.343103448275862206e+02 0.000000000000000000e+00
2.440000000000000000e+02 3.343626373626373720e+02 0.000000000000000000e+00
2.450000000000000000e+02 3.344395604395604664e+02 0.000000000000000000e+00
2.460000000000000000e+02 3.344891304347826235e+02 0.000000000000000000e+00
2.470000000000000000e+02 3.344831460674157029e+02 0.000000000000000000e+00
2.480000000000000000e+02 3.345454545454545610e+02 0.000000000000000000e+00
2.490000000000000000e+02 3.346373626373626280e+02 0.000000000000000000e+00
2.500000000000000000e+02 3.347142857142857224e+02 0.000000000000000000e+00
2.510000000000000000e+02 3.348222222222221944e+02 0.000000000000000000e+00
2.520000000000000000e+02 3.349204545454545610e+02 0.000000000000000000e+00
2.530000000000000000e+02 3.348965517241379075e+02 0.000000000000000000e+00
2.540000000000000000e+02 3.348539325842696712e+02 0.000000000000000000e+00
2.550000000000000000e+02 3.348651685393258504e+02 0.000000000000000000e+00
2.560000000000000000e+02 3.348690476190475920e+02 0.000000000000000000e+00
2.570000000000000000e+02 3.348902439024390105e+02 0.000000000000000000e+00
2.580000000000000000e+02 3.349518072289156407e+02 0.000000000000000000e+00
2.590000000000000000e+02 3.349770114942528494e+02 0.000000000000000000e+00
2.600000000000000000e+02 3.349890109890109784e+02 0.000000000000000000e+00
2.610000000000000000e+02 3.350000000000000000e+02 0.000000000000000000e+00
2.620000000000000000e+02 3.349655172413793025e+02 0.000000000000000000e+00
2.630000000000000000e+02 3.349010989010989192e+02 0.000000000000000000e+00
2.640000000000000000e+02 3.348777777777777942e+02 0.000000000000000000e+00
2.650000000000000000e+02 3.348804347826086882e+02 0.000000000000000000e+00
2.660000000000000000e+02 3.348736842105263349e+02 0.000000000000000000e+00
2.670000000000000000e+02 3.348666666666666742e+02 0.000000000000000000e+00
2.680000000000000000e+02 3.348837209302325846e+02 0.000000000000000000e+00
2.690000000000000000e+02 3.348571428571428328e+02 0.000000000000000000e+00
2.700000000000000000e+02 3.347835051546391583e+02 0.000000000000000000e+00
2.710000000000000000e+02 3.347254901960784537e+02 0.000000000000000000e+00
2.720000000000000000e+02 3.346930693069306813e+02 0.000000000000000000e+00
2.730000000000000000e+02 3.347157894736841968e+02 0.000000000000000000e+00
2.740000000000000000e+02 3.347692307692307736e+02 0.000000000000000000e+00
2.750000000000000000e+02 3.347500000000000000e+02 0.000000000000000000e+00
2.760000000000000000e+02 3.347362637362637088e+02 0.000000000000000000e+00
2.770000000000000000e+02 3.347157894736841968e+02 0.000000000000000000e+00
2.780000000000000000e+02 3.346170212765957217e+02 0.000000000000000000e+00
2.790000000000000000e+02 3.345227272727272521e+02 0.000000000000000000e+00
2.800000000000000000e+02 3.344941176470588289e+02 0.000000000000000000e+00
2.810000000000000000e+02 3.344719101123595237e+02 0.000000000000000000e+00
2.820000000000000000e+02 3.344021739130434980e+02 0.000000000000000000e+00
2.830000000000000000e+02 3.342823529411764980e+02 0.000000000000000000e+00
2.840000000000000000e+02 3.341499999999999773e+02 0.000000000000000000e+00
2.850000000000000000e+02 3.340361445783132694e+02 0.000000000000000000e+00
2.856000000000000227e+02 3.340000000000000000e+02 0.000000000000000000e+00
2.860000000000000000e+02 3.339791666666666856e+02 0.000000000000000000e+00
2.870000000000000000e+02 3.339473684210526585e+02 0.000000000000000000e+00
2.880000000000000000e+02 3.338617021276595551e+02 0.000000000000000000e+00
2.890000000000000000e+02 3.338105263157894456e+02 0.000000000000000000e+00
2.900000000000000000e+02 3.338144329896907152e+02 0.000000000000000000e+00
2.910000000000000000e+02 3.338421052631579187e+02 0.000000000000000000e+00
2.920000000000000000e+02 3.338901098901098976e+02 0.000000000000000000e+00
2.930000000000000000e+02 3.339759036144578204e+02 0.000000000000000000e+00
2.940000000000000000e+02 3.339512195121951095e+02 0.000000000000000000e+00
2.950000000000000000e+02 3.338522727272727479e+02 0.000000000000000000e+00
2.960000000000000000e+02 3.337303370786517007e+02 0.000000000000000000e+00
2.970000000000000000e+02 3.336067415730337302e+02 0.000000000000000000e+00
2.980000000000000000e+02 3.335591397849462396e+02 0.000000000000000000e+00
2.990000000000000000e+02 3.335326086956521863e+02 0.000000000000000000e+00
3.000000000000000000e+02 3.334090909090909349e+02 0.000000000000000000e+00
3.010000000000000000e+02 3.332857142857142776e+02 0.000000000000000000e+00
3.020000000000000000e+02 3.332558139534883708e+02 0.000000000000000000e+00
3.030000000000000000e+02 3.331829268292682968e+02 0.000000000000000000e+00
3.040000000000000000e+02 3.330823529411764525e+02 0.000000000000000000e+00
3.048750000000000000e+02 3.330000000000000000e+02 0.000000000000000000e+00
3.050000000000000000e+02 3.329886363636363740e+02 0.000000000000000000e+00
3.060000000000000000e+02 3.328863636363636260e+02 0.000000000000000000e+00
3.070000000000000000e+02 3.328095238095237960e+02 0.000000000000000000e+00
3.080000000000000000e+02 3.326626506024096557e+02 0.000000000000000000e+00
3.090000000000000000e+02 3.324819277108433653e+02 0.000000000000000000e+00
3.100000000000000000e+02 3.323214285714285552e+02 0.000000000000000000e+00
3.110000000000000000e+02 3.321744186046511800e+02 0.000000000000000000e+00
3.120000000000000000e+02 3.320116279069767415e+02 0.000000000000000000e+00
3.120909090909090651e+02 3.320000000000000000e+02 0.000000000000000000e+00
3.130000000000000000e+02 3.318823529411764639e+02 0.000000000000000000e+00
3.140000000000000000e+02 3.317738095238095184e+02 0.000000000000000000e+00
3.150000000000000000e+02 3.316117647058823650e+02 0.000000000000000000e+00
3.160000000000000000e+02 3.314302325581395507e+02 0.000000000000000000e+00
3.170000000000000000e+02 3.312272727272727479e+02 0.000000000000000000e+00
3.180000000000000000e+02 3.310459770114942444e+02 0.000000000000000000e+00
3.183333333333333144e+02 3.310000000000000000e+02 0.000000000000000000e+00
3.190000000000000000e+02 3.309047619047619264e+02 0.000000000000000000e+00
3.200000000000000000e+02 3.307215189873417671e+02 0.000000000000000000e+00
3.210000000000000000e+02 3.305189873417721742e+02 0.000000000000000000e+00
3.220000000000000000e+02 3.303373493975903443e+02 0.000000000000000000e+00
3.230000000000000000e+02 3.301954022988505812e+02 0.000000000000000000e+00
3.240000000000000000e+02 3.300666666666666629e+02 0.000000000000000000e+00
3.244285714285714448e+02 3.300000000000000000e+02 0.000000000000000000e+00
3.250000000000000000e+02 3.299157894736841854e+02 0.000000000000000000e+00
3.260000000000000000e+02 3.297812500000000000e+02 0.000000000000000000e+00
3.270000000000000000e+02 3.296907216494845443e+02 0.000000000000000000e+00
3.280000000000000000e+02 3.295638297872340559e+02 0.000000000000000000e+00
3.290000000000000000e+02 3.294479166666666856e+02 0.000000000000000000e+00
3.300000000000000000e+02 3.293673469387754835e+02 0.000000000000000000e+00
3.310000000000000000e+02 3.292473118279569917e+02 0.000000000000000000e+00
3.320000000000000000e+02 3.290963855421686617e+02 0.000000000000000000e+00
3.322857142857142776e+02 3.290000000000000000e+02 0.000000000000000000e+00
3.330000000000000000e+02 3.287183098591549424e+02 0.000000000000000000e+00
3.340000000000000000e+02 3.282597402597402834e+02 0.000000000000000000e+00
3.348000000000000114e+02 3.280000000000000000e+02 0.000000000000000000e+00
3.350000000000000000e+02 3.279382716049382793e+02 0.000000000000000000e+00
3.360000000000000000e+02 3.276309523809524080e+02 0.000000000000000000e+00
3.370000000000000000e+02 3.273218390804597675e+02 0.000000000000000000e+00
3.379333333333333371e+02 3.270000000000000000e+02 0.000000000000000000e+00
3.380000000000000000e+02 3.269780219780219568e+02 0.000000000000000000e+00
3.390000000000000000e+02 3.266703296703296928e+02 0.000000000000000000e+00
3.400000000000000000e+02 3.263333333333333144e+02 0.000000000000000000e+00
3.409062500000000000e+02 3.260000000000000000e+02 0.000000000000000000e+00
3.410000000000000000e+02 3.259642857142857224e+02 0.000000000000000000e+00
3.420000000000000000e+02 3.255625000000000000e+02 0.000000000000000000e+00
3.430000000000000000e+02 3.251139240506329315e+02 0.000000000000000000e+00
3.432500000000000000e+02 3.250000000000000000e+02 0.000000000000000000e+00
3.440000000000000000e+02 3.247096774193548185e+02 0.000000000000000000e+00
3.450000000000000000e+02 3.242978723404255561e+02 0.000000000000000000e+00
3.456363636363636260e+02 3.240000000000000000e+02 0.000000000000000000e+00
3.460000000000000000e+02 3.238260869565217490e+02 0.000000000000000000e+00
3.470000000000000000e+02 3.232976190476190368e+02 0.000000000000000000e+00
3.475319148936169995e+02 3.230000000000000000e+02 0.000000000000000000e+00
3.480000000000000000e+02 3.227380952380952408e+02 0.000000000000000000e+00
3.490000000000000000e+02 3.221780821917808453e+02 0.000000000000000000e+00
3.492452830188679513e+02 3.220000000000000000e+02 0.000000000000000000e+00
3.500000000000000000e+02 3.214202898550724399e+02 0.000000000000000000e+00
3.504393939393939377e+02 3.210000000000000000e+02 0.000000000000000000e+00
3.510000000000000000e+02 3.206442307692307736e+02 0.000000000000000000e+00
3.520000000000000000e+02 3.201651376146788834e+02 0.000000000000000000e+00
3.523913043478260647e+02 3.200000000000000000e+02 0.000000000000000000e+00
3.530000000000000000e+02 3.197383177570093267e+02 0.000000000000000000e+00
3.540000000000000000e+02 3.191562500000000000e+02 0.000000000000000000e+00
3.542238805970148974e+02 3.190000000000000000e+02 0.000000000000000000e+00
3.550000000000000000e+02 3.183882352941176350e+02 0.000000000000000000e+00
3.554647887323943678e+02 3.180000000000000000e+02 0.000000000000000000e+00
3.560000000000000000e+02 3.172962962962963047e+02 0.000000000000000000e+00
3.562539682539682531e+02 3.170000000000000000e+02 0.000000000000000000e+00
3.568644067796610102e+02 3.160000000000000000e+02 0.000000000000000000e+00
3.570000000000000000e+02 3.158139534883720785e+02 0.000000000000000000e+00
3.580000000000000000e+02 3.152413793103448256e+02 0.000000000000000000e+00
3.590000000000000000e+02 3.151298701298701417e+02 0.000000000000000000e+00
3.594347826086956275e+02 3.150000000000000000e+02 0.000000000000000000e+00
3.600000000000000000e+02 3.148602150537634543e+02 0.000000000000000000e+00
3.610000000000000000e+02 3.145049504950495134e+02 0.000000000000000000e+00
3.620000000000000000e+02 3.141397849462365457e+02 0.000000000000000000e+00
3.623611111111110858e+02 3.140000000000000000e+02 0.000000000000000000e+00
3.630000000000000000e+02 3.137444444444444684e+02 0.000000000000000000e+00
3.640000000000000000e+02 3.132857142857142776e+02 0.000000000000000000e+00
3.645333333333333599e+02 3.130000000000000000e+02 0.000000000000000000e+00
3.650000000000000000e+02 3.127529411764705856e+02 0.000000000000000000e+00
3.660000000000000000e+02 3.122073170731707137e+02 0.000000000000000000e+00
3.663269230769230944e+02 3.120000000000000000e+02 0.000000000000000000e+00
3.670000000000000000e+02 3.115679012345678984e+02 0.000000000000000000e+00
3.679583333333333144e+02 3.110000000000000000e+02 0.000000000000000000e+00
3.680000000000000000e+02 3.109733333333333576e+02 0.000000000000000000e+00
3.690000000000000000e+02 3.103157894736842195e+02 0.000000000000000000e+00
3.695000000000000000e+02 3.100000000000000000e+02 0.000000000000000000e+00
3.700000000000000000e+02 3.096883116883116713e+02 0.000000000000000000e+00
3.710000000000000000e+02 3.090000000000000000e+02 0.000000000000000000e+00
3.720000000000000000e+02 3.081159420289855007e+02 0.000000000000000000e+00
3.721311475409835907e+02 3.080000000000000000e+02 0.000000000000000000e+00
3.730000000000000000e+02 3.071969696969696884e+02 0.000000000000000000e+00
3.732241379310344769e+02 3.070000000000000000e+02 0.000000000000000000e+00
3.740000000000000000e+02 3.063478260869565020e+02 0.000000000000000000e+00
3.744210526315789593e+02 3.060000000000000000e+02 0.000000000000000000e+00
3.750000000000000000e+02 3.055074626865671803e+02 0.000000000000000000e+00
3.755483870967742064e+02 3.050000000000000000e+02 0.000000000000000000e+00
3.760000000000000000e+02 3.045555555555555429e+02 0.000000000000000000e+00
3.766034482758620925e+02 3.040000000000000000e+02 0.000000000000000000e+00
3.770000000000000000e+02 3.036461538461538225e+02 0.000000000000000000e+00
3.776999999999999886e+02 3.030000000000000000e+02 0.000000000000000000e+00
3.780000000000000000e+02 3.027391304347826235e+02 0.000000000000000000e+00
3.788947368421052602e+02 3.020000000000000000e+02 0.000000000000000000e+00
3.790000000000000000e+02 3.019090909090909349e+02 0.000000000000000000e+00
3.799836065573770725e+02 3.010000000000000000e+02 0.000000000000000000e+00
3.800000000000000000e+02 3.009836065573770725e+02 0.000000000000000000e+00
3.810000000000000000e+02 3.000606060606060623e+02 0.000000000000000000e+00
3.810714285714285552e+02 3.000000000000000000e+02 0.000000000000000000e+00
3.820000000000000000e+02 2.991034482758620925e+02 0.000000000000000000e+00
3.821034482758620925e+02 2.990000000000000000e+02 0.000000000000000000e+00
3.830000000000000000e+02 2.980714285714285552e+02 0.000000000000000000e+00
3.830727272727272634e+02 2.980000000000000000e+02 0.000000000000000000e+00
3.840000000000000000e+02 2.970555555555555429e+02 0.000000000000000000e+00
3.840517241379310462e+02 2.970000000000000000e+02 0.000000000000000000e+00
3.849830508474576050e+02 2.960000000000000000e+02 0.000000000000000000e+00
3.850000000000000000e+02 2.959836065573770725e+02 0.000000000000000000e+00
3.860000000000000000e+02 2.950000000000000000e+02 0.000000000000000000e+00
3.870000000000000000e+02 2.940000000000000000e+02 0.000000000000000000e+00
3.878813559322034052e+02 2.930000000000000000e+02 0.000000000000000000e+00
3.880000000000000000e+02 2.928679245283018986e+02 0.000000000000000000e+00
3.888363636363636147e+02 2.920000000000000000e+02 0.000000000000000000e+00
3.890000000000000000e+02 2.918125000000000000e+02 0.000000000000000000e+00
3.896393442622950829e+02 2.910000000000000000e+02 0.000000000000000000e+00
3.900000000000000000e+02 2.906000000000000227e+02 0.000000000000000000e+00
3.905076923076923094e+02 2.900000000000000000e+02 0.000000000000000000e+00
3.910000000000000000e+02 2.893725490196078454e+02 0.000000000000000000e+00
3.912968750000000000e+02 2.890000000000000000e+02 0.000000000000000000e+00
3.920000000000000000e+02 2.882241379310344769e+02 0.000000000000000000e+00
3.922166666666666401e+02 2.880000000000000000e+02 0.000000000000000000e+00
3.930000000000000000e+02 2.871454545454545269e+02 0.000000000000000000e+00
3.931142857142856997e+02 2.870000000000000000e+02 0.000000000000000000e+00
3.937794117647058556e+02 2.860000000000000000e+02 0.000000000000000000e+00
3.940000000000000000e+02 2.856808510638297776e+02 0.000000000000000000e+00
3.944571428571428555e+02 2.850000000000000000e+02 0.000000000000000000e+00
3.950000000000000000e+02 2.840952380952380736e+02 0.000000000000000000e+00
3.950571428571428783e+02 2.840000000000000000e+02 0.000000000000000000e+00
3.956901408450704025e+02 2.830000000000000000e+02 0.000000000000000000e+00
3.960000000000000000e+02 2.825510204081632537e+02 0.000000000000000000e+00
3.963913043478260647e+02 2.820000000000000000e+02 0.000000000000000000e+00
3.968799999999999955e+02 2.810000000000000000e+02 0.000000000000000000e+00
3.970000000000000000e+02 2.807272727272727479e+02 0.000000000000000000e+00
3.973287671232876619e+02 2.800000000000000000e+02 0.000000000000000000e+00
3.978918918918918735e+02 2.790000000000000000e+02 0.000000000000000000e+00
3.980000000000000000e+02 2.788596491228070136e+02 0.000000000000000000e+00
3.987903225806451815e+02 2.780000000000000000e+02 0.000000000000000000e+00
3.990000000000000000e+02 2.777968750000000000e+02 0.000000000000000000e+00
3.998360655737704974e+02 2.770000000000000000e+02 0.000000000000000000e+00
4.000000000000000000e+02 2.768148148148148380e+02 0.000000000000000000e+00
4.006875000000000000e+02 2.760000000000000000e+02 0.000000000000000000e+00
4.010000000000000000e+02 2.755833333333333144e+02 0.000000000000000000e+00
4.013888888888889142e+02 2.750000000000000000e+02 0.000000000000000000e+00
4.020000000000000000e+02 2.740833333333333144e+02 0.000000000000000000e+00
4.020555555555555429e+02 2.740000000000000000e+02 0.000000000000000000e+00
4.028333333333333144e+02 2.730000000000000000e+02 0.000000000000000000e+00
4.030000000000000000e+02 2.727073170731707137e+02 0.000000000000000000e+00
4.034328358208955478e+02 2.720000000000000000e+02 0.000000000000000000e+00
4.040000000000000000e+02 2.710000000000000000e+02 0.000000000000000000e+00
4.046716417910447490e+02 2.700000000000000000e+02 0.000000000000000000e+00
4.050000000000000000e+02 2.694883720930232585e+02 0.000000000000000000e+00
4.052799999999999727e+02 2.690000000000000000e+02 0.000000000000000000e+00
4.058108108108108354e+02 2.680000000000000000e+02 0.000000000000000000e+00
4.060000000000000000e+02 2.676000000000000227e+02 0.000000000000000000e+00
4.062692307692307736e+02 2.670000000000000000e+02 0.000000000000000000e+00
4.066923076923076792e+02 2.660000000000000000e+02 0.000000000000000000e+00
4.070000000000000000e+02 2.654285714285714448e+02 0.000000000000000000e+00
4.072465753424657464e+02 2.650000000000000000e+02 0.000000000000000000e+00
4.077567567567567721e+02 2.640000000000000000e+02 0.000000000000000000e+00
4.080000000000000000e+02 2.635000000000000000e+02 0.000000000000000000e+00
4.082307692307692264e+02 2.630000000000000000e+02 0.000000000000000000e+00
4.087317073170731874e+02 2.620000000000000000e+02 0.000000000000000000e+00
4.090000000000000000e+02 2.614210526315789593e+02 0.000000000000000000e+00
4.092077922077921812e+02 2.610000000000000000e+02 0.000000000000000000e+00
4.097435897435897232e+02 2.600000000000000000e+02 0.000000000000000000e+00
4.100000000000000000e+02 2.595454545454545610e+02 0.000000000000000000e+00
4.103116883116883287e+02 2.590000000000000000e+02 0.000000000000000000e+00
4.108831168831168839e+02 2.580000000000000000e+02 0.000000000000000000e+00
4.110000000000000000e+02 2.578199999999999932e+02 0.000000000000000000e+00
4.115540540540540633e+02 2.570000000000000000e+02 0.000000000000000000e+00
4.120000000000000000e+02 2.562978723404255561e+02 0.000000000000000000e+00
4.121772151898734364e+02 2.560000000000000000e+02 0.000000000000000000e+00
4.126455696202531840e+02 2.550000000000000000e+02 0.000000000000000000e+00
4.130000000000000000e+02 2.540344827586206975e+02 0.000000000000000000e+00
4.130129870129870255e+02 2.540000000000000000e+02 0.000000000000000000e+00
4.134155844155844193e+02 2.530000000000000000e+02 0.000000000000000000e+00
4.138271604938271366e+02 2.520000000000000000e+02 0.000000000000000000e+00
4.140000000000000000e+02 2.515882352941176521e+02 0.000000000000000000e+00
4.142439024390243958e+02 2.510000000000000000e+02 0.000000000000000000e+00
4.146746987951807455e+02 2.500000000000000000e+02 0.000000000000000000e+00
4.150000000000000000e+02 2.492500000000000000e+02 0.000000000000000000e+00
4.151046511627906739e+02 2.490000000000000000e+02 0.000000000000000000e+00
4.153882352941176350e+02 2.480000000000000000e+02 0.000000000000000000e+00
4.156987951807228683e+02 2.470000000000000000e+02 0.000000000000000000e+00
4.160000000000000000e+02 2.460000000000000000e+02 0.000000000000000000e+00
4.161728395061728634e+02 2.450000000000000000e+02 0.000000000000000000e+00
4.164155844155844193e+02 2.440000000000000000e+02 0.000000000000000000e+00
4.166842105263157805e+02 2.430000000000000000e+02 0.000000000000000000e+00
4.169333333333333371e+02 2.420000000000000000e+02 0.000000000000000000e+00
4.170000000000000000e+02 2.416666666666666572e+02 0.000000000000000000e+00
4.171234567901234414e+02 2.410000000000000000e+02 0.000000000000000000e+00
