7.204761904761905100e+01 2.760000000000000000e+02
7.209821428571429180e+01 2.770000000000000000e+02
7.215566037735848681e+01 2.780000000000000000e+02
7.223195876288659178e+01 2.790000000000000000e+02
7.235882352941176521e+01 2.800000000000000000e+02
7.255633802816900868e+01 2.810000000000000000e+02
7.278813559322033200e+01 2.820000000000000000e+02
7.293333333333333712e+01 2.830000000000000000e+02
7.295049504950495134e+01 2.840000000000000000e+02
7.292156862745098067e+01 2.850000000000000000e+02
7.290566037735848681e+01 2.860000000000000000e+02
7.286842105263157521e+01 2.870000000000000000e+02
7.278125000000000000e+01 2.880000000000000000e+02
7.265333333333333599e+01 2.890000000000000000e+02
7.250574712643678765e+01 2.900000000000000000e+02
7.235025380710659704e+01 2.910000000000000000e+02
7.222429906542056699e+01 2.920000000000000000e+02
7.215315315315315559e+01 2.930000000000000000e+02
7.212000000000000455e+01 2.940000000000000000e+02
7.209954751131222395e+01 2.950000000000000000e+02
7.209813084112148829e+01 2.960000000000000000e+02
7.212871287128713504e+01 2.970000000000000000e+02
7.220320855614973254e+01 2.980000000000000000e+02
7.233333333333332860e+01 2.990000000000000000e+02
7.252287581699346219e+01 3.000000000000000000e+02
7.273333333333333428e+01 3.010000000000000000e+02
7.297391304347826235e+01 3.020000000000000000e+02
7.300000000000000000e+01 3.020967741935484128e+02
7.313084112149532245e+01 3.030000000000000000e+02
7.327748691099476730e+01 3.040000000000000000e+02
7.346060606060605380e+01 3.050000000000000000e+02
7.371014492753623415e+01 3.060000000000000000e+02
7.400000000000000000e+01 3.068888888888889142e+02
7.402092050209205354e+01 3.070000000000000000e+02
7.420952380952381588e+01 3.080000000000000000e+02
7.443093922651934236e+01 3.090000000000000000e+02
7.469798657718121149e+01 3.100000000000000000e+02
7.500000000000000000e+01 3.108653846153846416e+02
7.503004291845493867e+01 3.110000000000000000e+02
7.528795811518324399e+01 3.120000000000000000e+02
7.562091503267973280e+01 3.130000000000000000e+02
7.600000000000000000e+01 3.139354838709677438e+02
7.601754385964912331e+01 3.140000000000000000e+02
7.627748691099476730e+01 3.150000000000000000e+02
7.657961783439490944e+01 3.160000000000000000e+02
7.692857142857143060e+01 3.170000000000000000e+02
7.700000000000000000e+01 3.172250000000000227e+02
7.715577889447236259e+01 3.180000000000000000e+02
7.739130434782609314e+01 3.190000000000000000e+02
7.770078740157480013e+01 3.200000000000000000e+02
7.800000000000000000e+01 3.207916666666666856e+02
7.805128205128205821e+01 3.210000000000000000e+02
7.829375000000000284e+01 3.220000000000000000e+02
7.864000000000000057e+01 3.230000000000000000e+02
7.900000000000000000e+01 3.237377049180327617e+02
7.908556149732619645e+01 3.240000000000000000e+02
7.944827586206896797e+01 3.250000000000000000e+02
7.996116504854369111e+01 3.260000000000000000e+02
8.000000000000000000e+01 3.260714285714285552e+02
8.034666666666666401e+01 3.270000000000000000e+02
8.086915887850467755e+01 3.280000000000000000e+02
8.100000000000000000e+01 3.282121212121211897e+02
8.135135135135135442e+01 3.290000000000000000e+02
8.198999999999999488e+01 3.300000000000000000e+02
8.200000000000000000e+01 3.300147058823529278e+02
8.248550724637681242e+01 3.310000000000000000e+02
8.300000000000000000e+01 3.317319587628866202e+02
8.314689265536722473e+01 3.320000000000000000e+02
8.375423728813559876e+01 3.330000000000000000e+02
8.400000000000000000e+01 3.333670886075949511e+02
8.430864197530864601e+01 3.340000000000000000e+02
8.489622641509433265e+01 3.350000000000000000e+02
8.500000000000000000e+01 3.351617647058823763e+02
8.538775510204081343e+01 3.360000000000000000e+02
8.600000000000000000e+01 3.369375000000000000e+02
8.603225806451612812e+01 3.370000000000000000e+02
8.656799999999999784e+01 3.380000000000000000e+02
8.700000000000000000e+01 3.386000000000000227e+02
8.724161073825503365e+01 3.390000000000000000e+02
8.800000000000000000e+01 3.399576271186440408e+02
8.802890173410403918e+01 3.400000000000000000e+02
8.874766355140187102e+01 3.410000000000000000e+02
8.900000000000000000e+01 3.413068181818181870e+02
8.947656250000000000e+01 3.420000000000000000e+02
9.000000000000000000e+01 3.426442307692307736e+02
9.025874125874125298e+01 3.430000000000000000e+02
9.100000000000000000e+01 3.438412698412698205e+02
9.112903225806451246e+01 3.440000000000000000e+02
9.200000000000000000e+01 3.449642857142857224e+02
9.202958579881656931e+01 3.450000000000000000e+02
9.284693877551021046e+01 3.460000000000000000e+02
9.300000000000000000e+01 3.461744186046511800e+02
9.366981132075471805e+01 3.470000000000000000e+02
9.400000000000000000e+01 3.473684210526315610e+02
9.451724137931034875e+01 3.480000000000000000e+02
9.500000000000000000e+01 3.485283018867924625e+02
9.540983606557377072e+01 3.490000000000000000e+02
9.600000000000000000e+01 3.496153846153846416e+02
9.634615384615383959e+01 3.500000000000000000e+02
9.700000000000000000e+01 3.506854838709677438e+02
9.729770992366411519e+01 3.510000000000000000e+02
9.800000000000000000e+01 3.517187500000000000e+02
9.828125000000000000e+01 3.520000000000000000e+02
9.900000000000000000e+01 3.527187500000000000e+02
9.928799999999999670e+01 3.530000000000000000e+02
1.000000000000000000e+02 3.536899224806201687e+02
1.003389830508474603e+02 3.540000000000000000e+02
1.010000000000000000e+02 3.546190476190475920e+02
1.014324324324324351e+02 3.550000000000000000e+02
1.020000000000000000e+02 3.555040000000000191e+02
1.025961538461538396e+02 3.560000000000000000e+02
1.030000000000000000e+02 3.563589743589743648e+02
1.037653061224489761e+02 3.570000000000000000e+02
1.040000000000000000e+02 3.572211538461538680e+02
1.049000000000000057e+02 3.580000000000000000e+02
1.050000000000000000e+02 3.580937500000000000e+02
1.060000000000000000e+02 3.589352941176470608e+02
1.060808823529411740e+02 3.590000000000000000e+02
1.070000000000000000e+02 3.597961783439490659e+02
1.072580645161290391e+02 3.600000000000000000e+02
1.080000000000000000e+02 3.606433566433566398e+02
1.084678899082568790e+02 3.610000000000000000e+02
1.090000000000000000e+02 3.614603174603174693e+02
1.097391304347826093e+02 3.620000000000000000e+02
1.100000000000000000e+02 3.622201834862385113e+02
1.110000000000000000e+02 3.629297297297297291e+02
1.111083333333333343e+02 3.630000000000000000e+02
1.120000000000000000e+02 3.636903225806451587e+02
1.125161290322580641e+02 3.640000000000000000e+02
1.130000000000000000e+02 3.643629032258064626e+02
1.140000000000000000e+02 3.649631578947368666e+02
1.140588235294117680e+02 3.650000000000000000e+02
1.150000000000000000e+02 3.656956521739130608e+02
1.154666666666666686e+02 3.660000000000000000e+02
1.160000000000000000e+02 3.664375000000000000e+02
2.930000000000000000e+02 3.707635467980295516e+02
2.940000000000000000e+02 3.707313432835820777e+02
2.950000000000000000e+02 3.706562500000000000e+02
2.960000000000000000e+02 3.705363128491620159e+02
2.970000000000000000e+02 3.703773584905660528e+02
2.980000000000000000e+02 3.701838235294117680e+02
2.989615384615384528e+02 3.700000000000000000e+02
2.990000000000000000e+02 3.699959999999999809e+02
3.000000000000000000e+02 3.699295154185022056e+02
3.010000000000000000e+02 3.698543689320388239e+02
3.020000000000000000e+02 3.697388888888888800e+02
3.030000000000000000e+02 3.695394736842105203e+02
3.040000000000000000e+02 3.692661290322580498e+02
3.047857142857142776e+02 3.690000000000000000e+02
3.050000000000000000e+02 3.689579439252336215e+02
3.060000000000000000e+02 3.687500000000000000e+02
3.070000000000000000e+02 3.684338235294117680e+02
3.078676470588235361e+02 3.680000000000000000e+02
3.080000000000000000e+02 3.679549999999999841e+02
3.090000000000000000e+02 3.675859872611464993e+02
3.100000000000000000e+02 3.671206896551724412e+02
3.102295081967213264e+02 3.670000000000000000e+02
3.110000000000000000e+02 3.667417582417582480e+02
3.120000000000000000e+02 3.663257575757575637e+02
3.126056338028168966e+02 3.660000000000000000e+02
3.130000000000000000e+02 3.658486486486486342e+02
3.140000000000000000e+02 3.654421768707483125e+02
3.148904109589041127e+02 3.650000000000000000e+02
3.150000000000000000e+02 3.649603960396039497e+02
3.160000000000000000e+02 3.645963855421686617e+02
3.170000000000000000e+02 3.641048387096774377e+02
3.171999999999999886e+02 3.640000000000000000e+02
3.180000000000000000e+02 3.637142857142857224e+02
3.190000000000000000e+02 3.633333333333333144e+02
3.197538461538461547e+02 3.630000000000000000e+02
3.200000000000000000e+02 3.629245283018867667e+02
3.210000000000000000e+02 3.626045197740112940e+02
3.220000000000000000e+02 3.621879699248120232e+02
3.223731343283582191e+02 3.620000000000000000e+02
3.230000000000000000e+02 3.617931034482758719e+02
3.240000000000000000e+02 3.614230769230769056e+02
3.249041095890410702e+02 3.610000000000000000e+02
3.250000000000000000e+02 3.609700854700854507e+02
3.260000000000000000e+02 3.606898395721925112e+02
3.270000000000000000e+02 3.603428571428571558e+02
3.277500000000000000e+02 3.600000000000000000e+02
3.280000000000000000e+02 3.599238095238094957e+02
3.290000000000000000e+02 3.595838509316770342e+02
3.300000000000000000e+02 3.590884955752212591e+02
3.301538461538461320e+02 3.590000000000000000e+02
3.310000000000000000e+02 3.586646341463414842e+02
3.320000000000000000e+02 3.581440677966101589e+02
3.322537313432835617e+02 3.580000000000000000e+02
3.330000000000000000e+02 3.577058823529411598e+02
3.340000000000000000e+02 3.571724137931034306e+02
3.342702702702702595e+02 3.570000000000000000e+02
3.350000000000000000e+02 3.566625000000000227e+02
3.360000000000000000e+02 3.560480769230769056e+02
3.360757575757575637e+02 3.560000000000000000e+02
3.370000000000000000e+02 3.555734265734265591e+02
3.378913043478260647e+02 3.550000000000000000e+02
3.380000000000000000e+02 3.549479166666666856e+02
3.390000000000000000e+02 3.544604316546762561e+02
3.397356321839080238e+02 3.540000000000000000e+02
3.400000000000000000e+02 3.538783068783068870e+02
3.410000000000000000e+02 3.533851851851852075e+02
3.416190476190475920e+02 3.530000000000000000e+02
3.420000000000000000e+02 3.528270270270270430e+02
3.430000000000000000e+02 3.523023255813953369e+02
3.434482758620689538e+02 3.520000000000000000e+02
3.440000000000000000e+02 3.517142857142857224e+02
3.450000000000000000e+02 3.510619469026548813e+02
3.450933333333333053e+02 3.510000000000000000e+02
3.460000000000000000e+02 3.505211267605633907e+02
3.467326732673267315e+02 3.500000000000000000e+02
3.470000000000000000e+02 3.498402366863905399e+02
3.480000000000000000e+02 3.491607142857142776e+02
3.482142857142857224e+02 3.490000000000000000e+02
3.490000000000000000e+02 3.485182481751824639e+02
3.496826923076923208e+02 3.480000000000000000e+02
3.500000000000000000e+02 3.477884615384615472e+02
3.510000000000000000e+02 3.470000000000000000e+02
3.520000000000000000e+02 3.462758620689655231e+02
3.523298969072164937e+02 3.460000000000000000e+02
3.530000000000000000e+02 3.455000000000000000e+02
3.536018518518518476e+02 3.450000000000000000e+02
3.540000000000000000e+02 3.447054794520548171e+02
3.548728813559321793e+02 3.440000000000000000e+02
3.550000000000000000e+02 3.439062500000000000e+02
3.560000000000000000e+02 3.431153846153846416e+02
3.561304347826086882e+02 3.430000000000000000e+02
3.570000000000000000e+02 3.422660550458715534e+02
3.572929292929292728e+02 3.420000000000000000e+02
3.580000000000000000e+02 3.413859649122807127e+02
3.584271844660194120e+02 3.410000000000000000e+02
3.590000000000000000e+02 3.405203252032520140e+02
3.595871559633027346e+02 3.400000000000000000e+02
3.600000000000000000e+02 3.396715328467153086e+02
3.607796610169491487e+02 3.390000000000000000e+02
3.610000000000000000e+02 3.388289473684210407e+02
3.619843750000000000e+02 3.380000000000000000e+02
3.620000000000000000e+02 3.379873417721519218e+02
3.630000000000000000e+02 3.371730769230769056e+02
3.631935483870967687e+02 3.370000000000000000e+02
3.640000000000000000e+02 3.362924528301886653e+02
3.643263157894737105e+02 3.360000000000000000e+02
3.650000000000000000e+02 3.353786407766990010e+02
3.654020618556701265e+02 3.350000000000000000e+02
3.660000000000000000e+02 3.344081632653061433e+02
3.663921568627450824e+02 3.340000000000000000e+02
3.670000000000000000e+02 3.333473684210526358e+02
3.673299999999999841e+02 3.330000000000000000e+02
3.680000000000000000e+02 3.322637362637362912e+02
3.682424242424242493e+02 3.320000000000000000e+02
3.690000000000000000e+02 3.311279069767442138e+02
3.691134020618556519e+02 3.310000000000000000e+02
3.699637681159420026e+02 3.300000000000000000e+02
3.700000000000000000e+02 3.299568965517241281e+02
3.708409090909090651e+02 3.290000000000000000e+02
3.710000000000000000e+02 3.288189655172413950e+02
3.717480314960629926e+02 3.280000000000000000e+02
3.720000000000000000e+02 3.277264957264957275e+02
3.726967213114754145e+02 3.270000000000000000e+02
3.730000000000000000e+02 3.266696428571428328e+02
3.736302521008403232e+02 3.260000000000000000e+02
3.740000000000000000e+02 3.255887850467289582e+02
3.745294117647058556e+02 3.250000000000000000e+02
3.750000000000000000e+02 3.244399999999999977e+02
3.753793103448275588e+02 3.240000000000000000e+02
3.760000000000000000e+02 3.232577319587628608e+02
3.762272727272727479e+02 3.230000000000000000e+02
3.770000000000000000e+02 3.220760869565217490e+02
