8.300000000000000000e+01 3.317319587628866202e+02
8.314689265536722473e+01 3.320000000000000000e+02
8.375423728813559876e+01 3.330000000000000000e+02
8.400000000000000000e+01 3.333670886075949511e+02
8.430864197530864601e+01 3.340000000000000000e+02
8.489622641509433265e+01 3.350000000000000000e+02
8.500000000000000000e+01 3.351617647058823763e+02
8.538775510204081343e+01 3.360000000000000000e+02
8.600000000000000000e+01 3.369375000000000000e+02
8.603225806451612812e+01 3.370000000000000000e+02
8.656799999999999784e+01 3.380000000000000000e+02
8.700000000000000000e+01 3.386000000000000227e+02
8.724161073825503365e+01 3.390000000000000000e+02
8.800000000000000000e+01 3.399576271186440408e+02
8.802890173410403918e+01 3.400000000000000000e+02
8.874766355140187102e+01 3.410000000000000000e+02
8.900000000000000000e+01 3.413068181818181870e+02
8.947656250000000000e+01 3.420000000000000000e+02
9.000000000000000000e+01 3.426442307692307736e+02
9.025874125874125298e+01 3.430000000000000000e+02
9.100000000000000000e+01 3.438412698412698205e+02
9.112903225806451246e+01 3.440000000000000000e+02
9.200000000000000000e+01 3.449642857142857224e+02
9.202958579881656931e+01 3.450000000000000000e+02
9.284693877551021046e+01 3.460000000000000000e+02
9.300000000000000000e+01 3.461744186046511800e+02
9.366981132075471805e+01 3.470000000000000000e+02
9.400000000000000000e+01 3.473684210526315610e+02
9.451724137931034875e+01 3.480000000000000000e+02
9.500000000000000000e+01 3.485283018867924625e+02
9.540983606557377072e+01 3.490000000000000000e+02
9.600000000000000000e+01 3.496153846153846416e+02
9.634615384615383959e+01 3.500000000000000000e+02
9.700000000000000000e+01 3.506854838709677438e+02
9.729770992366411519e+01 3.510000000000000000e+02
9.800000000000000000e+01 3.517187500000000000e+02
9.828125000000000000e+01 3.520000000000000000e+02
9.900000000000000000e+01 3.527187500000000000e+02
9.928799999999999670e+01 3.530000000000000000e+02
1.000000000000000000e+02 3.536899224806201687e+02
1.003389830508474603e+02 3.540000000000000000e+02
1.010000000000000000e+02 3.546190476190475920e+02
1.014324324324324351e+02 3.550000000000000000e+02
1.020000000000000000e+02 3.555040000000000191e+02
1.025961538461538396e+02 3.560000000000000000e+02
1.030000000000000000e+02 3.563589743589743648e+02
1.037653061224489761e+02 3.570000000000000000e+02
1.040000000000000000e+02 3.572211538461538680e+02
1.049000000000000057e+02 3.580000000000000000e+02
1.050000000000000000e+02 3.580937500000000000e+02
1.060000000000000000e+02 3.589352941176470608e+02
1.060808823529411740e+02 3.590000000000000000e+02
1.070000000000000000e+02 3.597961783439490659e+02
1.072580645161290391e+02 3.600000000000000000e+02
1.080000000000000000e+02 3.606433566433566398e+02
1.084678899082568790e+02 3.610000000000000000e+02
1.090000000000000000e+02 3.614603174603174693e+02
1.097391304347826093e+02 3.620000000000000000e+02
1.100000000000000000e+02 3.622201834862385113e+02
1.110000000000000000e+02 3.629297297297297291e+02
1.111083333333333343e+02 3.630000000000000000e+02
1.120000000000000000e+02 3.636903225806451587e+02
1.125161290322580641e+02 3.640000000000000000e+02
1.130000000000000000e+02 3.643629032258064626e+02
1.140000000000000000e+02 3.649631578947368666e+02
1.140588235294117680e+02 3.650000000000000000e+02
1.150000000000000000e+02 3.656956521739130608e+02
1.154666666666666686e+02 3.660000000000000000e+02
1.160000000000000000e+02 3.664375000000000000e+02
2.930000000000000000e+02 3.707635467980295516e+02
2.940000000000000000e+02 3.707313432835820777e+02
2.950000000000000000e+02 3.706562500000000000e+02
2.960000000000000000e+02 3.705363128491620159e+02
2.970000000000000000e+02 3.703773584905660528e+02
2.980000000000000000e+02 3.701838235294117680e+02
2.989615384615384528e+02 3.700000000000000000e+02
2.990000000000000000e+02 3.699959999999999809e+02
3.000000000000000000e+02 3.699295154185022056e+02
3.010000000000000000e+02 3.698543689320388239e+02
3.020000000000000000e+02 3.697388888888888800e+02
3.030000000000000000e+02 3.695394736842105203e+02
3.040000000000000000e+02 3.692661290322580498e+02
3.047857142857142776e+02 3.690000000000000000e+02
3.050000000000000000e+02 3.689579439252336215e+02
3.060000000000000000e+02 3.687500000000000000e+02
3.070000000000000000e+02 3.684338235294117680e+02
3.078676470588235361e+02 3.680000000000000000e+02
3.080000000000000000e+02 3.679549999999999841e+02
3.090000000000000000e+02 3.675859872611464993e+02
3.100000000000000000e+02 3.671206896551724412e+02
3.102295081967213264e+02 3.670000000000000000e+02
3.110000000000000000e+02 3.667417582417582480e+02
3.120000000000000000e+02 3.663257575757575637e+02
3.126056338028168966e+02 3.660000000000000000e+02
3.130000000000000000e+02 3.658486486486486342e+02
3.140000000000000000e+02 3.654421768707483125e+02
3.148904109589041127e+02 3.650000000000000000e+02
3.150000000000000000e+02 3.649603960396039497e+02
3.160000000000000000e+02 3.645963855421686617e+02
3.170000000000000000e+02 3.641048387096774377e+02
3.171999999999999886e+02 3.640000000000000000e+02
3.180000000000000000e+02 3.637142857142857224e+02
3.190000000000000000e+02 3.633333333333333144e+02
3.197538461538461547e+02 3.630000000000000000e+02
3.200000000000000000e+02 3.629245283018867667e+02
3.210000000000000000e+02 3.626045197740112940e+02
3.220000000000000000e+02 3.621879699248120232e+02
3.223731343283582191e+02 3.620000000000000000e+02
3.230000000000000000e+02 3.617931034482758719e+02
3.240000000000000000e+02 3.614230769230769056e+02
3.249041095890410702e+02 3.610000000000000000e+02
3.250000000000000000e+02 3.609700854700854507e+02
3.260000000000000000e+02 3.606898395721925112e+02
3.270000000000000000e+02 3.603428571428571558e+02
3.277500000000000000e+02 3.600000000000000000e+02
3.280000000000000000e+02 3.599238095238094957e+02
3.290000000000000000e+02 3.595838509316770342e+02
3.300000000000000000e+02 3.590884955752212591e+02
3.301538461538461320e+02 3.590000000000000000e+02
3.310000000000000000e+02 3.586646341463414842e+02
3.320000000000000000e+02 3.581440677966101589e+02
3.322537313432835617e+02 3.580000000000000000e+02
