3.839750000000000227e+02 3.236363868099639944e+02
3.833636363636363740e+02 3.246363868099639944e+02
3.830000000000000000e+02 3.251199032934804904e+02
3.826544117647058556e+02 3.256363868099639944e+02
3.820000000000000000e+02 3.264604608840380706e+02
3.818733333333333348e+02 3.266363868099639944e+02
3.810841121495327002e+02 3.276363868099639944e+02
3.810000000000000000e+02 3.277375104054696067e+02
3.802727272727272521e+02 3.286363868099639944e+02
3.800000000000000000e+02 3.289555357461342169e+02
3.794576271186440408e+02 3.296363868099639944e+02
3.790000000000000000e+02 3.301657985746699069e+02
3.786250000000000000e+02 3.306363868099639944e+02
3.780000000000000000e+02 3.313443514117338964e+02
3.777573529411764639e+02 3.316363868099639944e+02
3.770000000000000000e+02 3.324538471274242966e+02
3.768357142857142890e+02 3.326363868099639944e+02
3.760000000000000000e+02 3.335227504463276205e+02
3.758986486486486456e+02 3.336363868099639944e+02
3.750000000000000000e+02 3.346289241233968141e+02
3.749936708860759609e+02 3.346363868099639944e+02
3.741964285714285552e+02 3.356363868099639944e+02
3.740000000000000000e+02 3.358704293631554947e+02
3.734049586776859542e+02 3.366363868099639944e+02
3.730000000000000000e+02 3.371121149653038174e+02
3.725537190082644656e+02 3.376363868099639944e+02
3.720000000000000000e+02 3.382139730168605638e+02
3.715701754385964932e+02 3.386363868099639944e+02
3.710000000000000000e+02 3.391563868099640331e+02
3.704230769230769056e+02 3.396363868099639944e+02
3.700000000000000000e+02 3.400000231736003684e+02
3.692376237623762449e+02 3.406363868099639944e+02
3.690000000000000000e+02 3.408469131257534741e+02
3.680625000000000000e+02 3.416363868099639944e+02
3.680000000000000000e+02 3.416929905835488626e+02
3.670000000000000000e+02 3.425383475942777523e+02
3.668760330578512594e+02 3.426363868099639944e+02
3.660000000000000000e+02 3.433935296671068613e+02
3.657043478260869733e+02 3.436363868099639944e+02
3.650000000000000000e+02 3.442547074206510160e+02
3.645283018867924625e+02 3.446363868099639944e+02
3.640000000000000000e+02 3.450954032034065904e+02
3.633333333333333144e+02 3.456363868099639944e+02
3.630000000000000000e+02 3.459284222081940925e+02
3.620909090909090651e+02 3.466363868099639944e+02
3.620000000000000000e+02 3.467125772861544419e+02
3.610000000000000000e+02 3.474854434137375847e+02
3.607818181818182097e+02 3.476363868099639944e+02
3.600000000000000000e+02 3.482135680180176678e+02
3.593505154639175316e+02 3.486363868099639944e+02
3.590000000000000000e+02 3.489083868099639858e+02
3.580000000000000000e+02 3.496092128969205532e+02
3.579612403100775282e+02 3.496363868099639944e+02
3.570000000000000000e+02 3.503971230062829818e+02
3.566176470588235361e+02 3.506363868099639944e+02
3.560000000000000000e+02 3.510896242200359438e+02
3.550256410256410504e+02 3.516363868099639944e+02
3.550000000000000000e+02 3.516547354338172227e+02
3.540000000000000000e+02 3.523407893256872967e+02
3.534659090909090651e+02 3.526363868099639944e+02
3.530000000000000000e+02 3.529592214556332692e+02
3.520000000000000000e+02 3.535484747220518784e+02
3.518446601941747645e+02 3.536363868099639944e+02
3.510000000000000000e+02 3.542282235446579080e+02
3.502405063291139413e+02 3.546363868099639944e+02
3.500000000000000000e+02 3.548030534766306801e+02
3.490000000000000000e+02 3.553757807493579435e+02
3.484266666666666765e+02 3.556363868099639944e+02
3.480000000000000000e+02 3.558863868099639944e+02
3.470000000000000000e+02 3.563711934397982759e+02
3.463142857142856883e+02 3.566363868099639944e+02
3.460000000000000000e+02 3.568082618099639944e+02
3.450000000000000000e+02 3.572878153813925337e+02
3.440757575757575637e+02 3.576363868099639944e+02
3.440000000000000000e+02 3.576794902582398663e+02
3.430000000000000000e+02 3.582182049917821587e+02
3.420000000000000000e+02 3.586176952211789057e+02
3.419550561797752835e+02 3.586363868099639944e+02
3.410000000000000000e+02 3.591777880838493502e+02
3.400000000000000000e+02 3.595929085490944317e+02
3.398953488372093261e+02 3.596363868099639944e+02
3.390000000000000000e+02 3.601531653334538987e+02
3.380000000000000000e+02 3.605775632805522264e+02
3.378651685393258504e+02 3.606363868099639944e+02
3.370000000000000000e+02 3.611497201432973156e+02
3.360000000000000000e+02 3.615502624080501164e+02
3.357804878048780211e+02 3.616363868099639944e+02
3.350000000000000000e+02 3.620630534766306710e+02
3.340000000000000000e+02 3.624802892489883561e+02
3.336000000000000227e+02 3.626363868099639944e+02
3.330000000000000000e+02 3.629842128969205532e+02
3.320000000000000000e+02 3.634158739894511427e+02
3.313676470588235361e+02 3.636363868099639944e+02
3.310000000000000000e+02 3.638301852595764103e+02
3.300000000000000000e+02 3.642757310722590773e+02
3.290000000000000000e+02 3.646154663078719409e+02
3.289425287356322087e+02 3.646363868099639944e+02
3.280000000000000000e+02 3.651425596494701722e+02
3.270000000000000000e+02 3.654961998940761418e+02
3.265454545454545610e+02 3.656363868099639944e+02
3.260000000000000000e+02 3.658972563751814278e+02
3.250000000000000000e+02 3.662815481002866136e+02
3.240000000000000000e+02 3.665990424116237136e+02
3.238902439024390105e+02 3.666363868099639944e+02
3.230000000000000000e+02 3.670898029590323404e+02
3.220000000000000000e+02 3.674418166742174208e+02
3.214189189189189051e+02 3.676363868099639944e+02
3.210000000000000000e+02 3.678748483484255303e+02
3.200000000000000000e+02 3.683718365454137711e+02
3.193506493506493484e+02 3.686363868099639944e+02
3.190000000000000000e+02 3.688632775662665040e+02
3.180000000000000000e+02 3.693764998043142782e+02
3.173235294117646959e+02 3.696363868099639944e+02
3.170000000000000000e+02 3.698328153813926065e+02
3.160000000000000000e+02 3.702809651232170154e+02
3.150000000000000000e+02 3.705629923145511384e+02
3.146862745098039227e+02 3.706363868099639944e+02
3.140000000000000000e+02 3.709119773611450910e+02
3.130000000000000000e+02 3.712069389572032492e+02
3.120000000000000000e+02 3.714272031364945974e+02
3.110000000000000000e+02 3.716274582385353824e+02
3.109607843137254690e+02 3.716363868099639944e+02
3.100000000000000000e+02 3.719993497729269620e+02
3.090000000000000000e+02 3.723070454925987178e+02
3.080000000000000000e+02 3.725667350686704822e+02
3.077358490566037972e+02 3.726363868099639944e+02
3.070000000000000000e+02 3.729534599806956976e+02
3.060000000000000000e+02 3.732590283193979985e+02
3.050000000000000000e+02 3.735000231736003684e+02
3.044255319148936110e+02 3.736363868099639944e+02
3.040000000000000000e+02 3.738016760661623721e+02
3.030000000000000000e+02 3.741460642293188243e+02
3.020000000000000000e+02 3.744100710204903066e+02
3.010000000000000000e+02 3.746317571803343753e+02
3.009803921568627629e+02 3.746363868099639944e+02
3.000000000000000000e+02 3.750067571803343753e+02
2.990000000000000000e+02 3.752972055234142772e+02
2.980000000000000000e+02 3.755334456334934430e+02
2.975625000000000000e+02 3.756363868099639944e+02
2.970000000000000000e+02 3.758576982853738286e+02
2.960000000000000000e+02 3.761824394415429538e+02
2.950000000000000000e+02 3.764178075749913432e+02
2.940000000000000000e+02 3.765945263448477363e+02
2.937692307692307736e+02 3.766363868099639944e+02
2.930000000000000000e+02 3.768763868099640035e+02
2.920000000000000000e+02 3.771563868099640331e+02
2.910000000000000000e+02 3.774007546260559138e+02
2.900000000000000000e+02 3.776160822414360609e+02
2.899183673469387941e+02 3.776363868099639944e+02
2.890000000000000000e+02 3.779963868099640081e+02
2.880000000000000000e+02 3.783117114852886971e+02
2.870000000000000000e+02 3.785664943368457216e+02
2.866976744186046631e+02 3.786363868099639944e+02
2.860000000000000000e+02 3.788972563751814278e+02
2.850000000000000000e+02 3.791721010956782720e+02
2.840000000000000000e+02 3.793653024726145873e+02
2.830000000000000000e+02 3.795294349383062809e+02
2.823103448275862206e+02 3.796363868099639944e+02
2.820000000000000000e+02 3.797237654507407001e+02
2.810000000000000000e+02 3.799941103871997257e+02
2.800000000000000000e+02 3.802377381613153489e+02
2.790000000000000000e+02 3.804456353648772620e+02
2.780000000000000000e+02 3.806263868099640035e+02
2.779523809523809632e+02 3.806363868099639944e+02
2.770000000000000000e+02 3.809615900619965032e+02
2.760000000000000000e+02 3.812402829138600850e+02
2.750000000000000000e+02 3.814545686281458075e+02
2.740000000000000000e+02 3.816134510301474734e+02
2.738275862068965694e+02 3.816363868099639944e+02
2.730000000000000000e+02 3.818450824621378956e+02
2.720000000000000000e+02 3.820608472416186601e+02
2.710000000000000000e+02 3.822628928340603807e+02
2.700000000000000000e+02 3.824629174222088750e+02
2.691282051282051384e+02 3.826363868099639944e+02
2.690000000000000000e+02 3.826854064178071440e+02
2.680000000000000000e+02 3.830424018475579828e+02
2.670000000000000000e+02 3.833171097015302848e+02
2.660000000000000000e+02 3.835208089205167425e+02
2.653783783783783861e+02 3.836363868099639944e+02
2.650000000000000000e+02 3.837636595372367196e+02
2.640000000000000000e+02 3.840451459340515612e+02
2.630000000000000000e+02 3.842727504463276773e+02
2.620000000000000000e+02 3.844655325386072491e+02
2.610000000000000000e+02 3.846234557754812613e+02
2.609285714285714448e+02 3.846363868099639944e+02
2.600000000000000000e+02 3.849410743099639944e+02
2.590000000000000000e+02 3.851676368099639944e+02
2.580000000000000000e+02 3.853374177377990009e+02
2.570000000000000000e+02 3.854872640029464037e+02
2.560000000000000000e+02 3.856324805599639944e+02
2.559756097560975547e+02 3.856363868099639944e+02
2.550000000000000000e+02 3.859262418824278029e+02
2.540000000000000000e+02 3.861394542946266029e+02
2.530000000000000000e+02 3.862995447047007929e+02
2.520000000000000000e+02 3.864392037113724427e+02
2.510000000000000000e+02 3.865439498351740895e+02
2.500000000000000000e+02 3.866363868099639944e+02
2.490000000000000000e+02 3.868123868099639822e+02
2.480000000000000000e+02 3.870019040513433310e+02
2.470000000000000000e+02 3.871607770538664681e+02
2.460000000000000000e+02 3.872960726738383528e+02
2.450000000000000000e+02 3.874197969482128201e+02
2.440000000000000000e+02 3.875368017477233025e+02
2.430000000000000000e+02 3.876289794025565811e+02
2.429199999999999875e+02 3.876363868099639944e+02
2.420000000000000000e+02 3.878160743099639944e+02
2.410000000000000000e+02 3.879652458703666298e+02
2.400000000000000000e+02 3.881034526782274270e+02
2.390000000000000000e+02 3.882534080865597161e+02
2.380000000000000000e+02 3.883888139944300519e+02
2.370000000000000000e+02 3.884852756988528881e+02
2.360000000000000000e+02 3.885413454876499486e+02
2.350000000000000000e+02 3.885782472750802299e+02
2.340000000000000000e+02 3.886140819772502368e+02
2.332500000000000000e+02 3.886363868099639944e+02
2.330000000000000000e+02 3.886531935326530629e+02
2.320000000000000000e+02 3.887403868099639794e+02
2.310000000000000000e+02 3.888119593290479656e+02
2.300000000000000000e+02 3.888586090321862230e+02
2.290000000000000000e+02 3.889097681049280482e+02
2.280000000000000000e+02 3.889583046181832060e+02
2.270000000000000000e+02 3.890048078625956123e+02
2.260000000000000000e+02 3.890451918414105421e+02
2.250000000000000000e+02 3.890815087611834997e+02
2.240000000000000000e+02 3.891062663280363267e+02
2.230000000000000000e+02 3.891151746887518357e+02
2.220000000000000000e+02 3.891116954519393403e+02
2.210000000000000000e+02 3.891176368099639831e+02
2.200000000000000000e+02 3.891116954519393403e+02
2.190000000000000000e+02 3.890965095093505397e+02
2.180000000000000000e+02 3.890746584149022738e+02
2.170000000000000000e+02 3.890463246981627208e+02
2.160000000000000000e+02 3.890081816817588560e+02
2.150000000000000000e+02 3.889471976207747730e+02
2.140000000000000000e+02 3.888480656420807691e+02
2.130000000000000000e+02 3.887395614131386310e+02
2.121333333333333258e+02 3.886363868099639944e+02
2.120000000000000000e+02 3.886293692661043906e+02
2.110000000000000000e+02 3.885706933793070448e+02
2.100000000000000000e+02 3.885151746887518698e+02
2.090000000000000000e+02 3.884743314739956190e+02
2.080000000000000000e+02 3.884478622198000721e+02
2.070000000000000000e+02 3.884193655333682500e+02
2.060000000000000000e+02 3.883673285139998370e+02
2.050000000000000000e+02 3.883093725919545136e+02
2.040000000000000000e+02 3.882474979210751371e+02
2.030000000000000000e+02 3.881793975626521842e+02
2.020000000000000000e+02 3.881073170425221406e+02
2.010000000000000000e+02 3.880463246981627208e+02
2.000000000000000000e+02 3.879561147011204412e+02
1.990000000000000000e+02 3.878333565069336828e+02
1.980000000000000000e+02 3.876627025994376936e+02
1.978636363636363740e+02 3.876363868099639944e+02
1.970000000000000000e+02 3.875662761088569823e+02
1.960000000000000000e+02 3.874791287454478379e+02
1.950000000000000000e+02 3.873739433710499611e+02
1.940000000000000000e+02 3.872446342326444437e+02
1.930000000000000000e+02 3.870821699424941471e+02
1.920000000000000000e+02 3.868863868099639944e+02
1.910540540540540633e+02 3.866363868099639944e+02
1.910000000000000000e+02 3.866294423655195942e+02
1.900000000000000000e+02 3.864912887707482696e+02
1.890000000000000000e+02 3.863276310495953112e+02
1.880000000000000000e+02 3.861281900886525591e+02
1.870000000000000000e+02 3.858570764651364016e+02
1.863469387755101820e+02 3.856363868099639944e+02
1.860000000000000000e+02 3.855771533604866477e+02
1.850000000000000000e+02 3.854100493614042762e+02
1.840000000000000000e+02 3.852063868099639876e+02
1.830000000000000000e+02 3.849571415269451222e+02
1.820000000000000000e+02 3.846526469725656625e+02
1.819534883720930338e+02 3.846363868099639944e+02
1.810000000000000000e+02 3.844804932738422849e+02
1.800000000000000000e+02 3.842895399631171358e+02
1.790000000000000000e+02 3.840634138369910033e+02
1.780000000000000000e+02 3.838041720448633214e+02
1.774186046511627524e+02 3.836363868099639944e+02
1.770000000000000000e+02 3.835730065282738224e+02
1.760000000000000000e+02 3.834098910834682670e+02
1.750000000000000000e+02 3.831978841361672039e+02
1.740000000000000000e+02 3.828969501902456614e+02
1.733272727272727138e+02 3.826363868099639944e+02
1.730000000000000000e+02 3.825714048605054813e+02
1.720000000000000000e+02 3.823673285139998370e+02
1.710000000000000000e+02 3.821185296671068272e+02
1.700000000000000000e+02 3.817530534766306687e+02
1.697307692307692264e+02 3.816363868099639944e+02
1.690000000000000000e+02 3.814739936475708646e+02
1.680000000000000000e+02 3.812078153813926065e+02
1.670000000000000000e+02 3.808469131257534741e+02
1.665254237288135641e+02 3.806363868099639944e+02
1.660000000000000000e+02 3.805128808338683939e+02
1.650000000000000000e+02 3.802561784766306801e+02
1.640000000000000000e+02 3.799045027519929931e+02
1.634218750000000000e+02 3.796363868099639944e+02
1.630000000000000000e+02 3.795266307124030050e+02
1.620000000000000000e+02 3.792330718928369606e+02
1.610000000000000000e+02 3.787989884359802772e+02
1.606923076923076792e+02 3.786363868099639944e+02
1.600000000000000000e+02 3.784336841072612856e+02
1.590000000000000000e+02 3.780546874635587642e+02
1.582558139534883708e+02 3.776363868099639944e+02
1.580000000000000000e+02 3.775511154921344996e+02
1.570000000000000000e+02 3.772070389838770552e+02
1.560000000000000000e+02 3.766863868099640058e+02
1.559142857142857110e+02 3.766363868099639944e+02
1.550000000000000000e+02 3.763316249052020908e+02
1.540000000000000000e+02 3.758827636215581833e+02
1.535696202531645440e+02 3.756363868099639944e+02
1.530000000000000000e+02 3.754345930879908906e+02
1.520000000000000000e+02 3.749901283065626103e+02
1.514022988505747094e+02 3.746363868099639944e+02
1.510000000000000000e+02 3.744842128969205532e+02
1.500000000000000000e+02 3.740311236520692546e+02
1.493478260869565588e+02 3.736363868099639944e+02
1.490000000000000000e+02 3.734978586714358926e+02
1.480000000000000000e+02 3.730567689755690708e+02
1.472747252747253128e+02 3.726363868099639944e+02
1.470000000000000000e+02 3.725326523701299948e+02
1.460000000000000000e+02 3.721393453898456301e+02
1.451237113402061709e+02 3.716363868099639944e+02
1.450000000000000000e+02 3.715879997131897881e+02
1.440000000000000000e+02 3.711977903187358834e+02
1.430588235294117680e+02 3.706363868099639944e+02
1.430000000000000000e+02 3.706108548950703607e+02
1.420000000000000000e+02 3.701527266792450064e+02
1.412685185185185333e+02 3.696363868099639944e+02
1.410000000000000000e+02 3.694995943571337875e+02
1.400000000000000000e+02 3.689050435263819168e+02
1.396250000000000000e+02 3.686363868099639944e+02
1.390000000000000000e+02 3.683205973362797749e+02
1.380000000000000000e+02 3.676363868099639944e+02
1.370000000000000000e+02 3.671212352948124931e+02
1.363277310924369772e+02 3.666363868099639944e+02
1.360000000000000000e+02 3.664574877273951756e+02
1.350000000000000000e+02 3.658334671019347866e+02
1.347216494845360444e+02 3.656363868099639944e+02
1.340000000000000000e+02 3.652559520273553062e+02
1.331093750000000000e+02 3.646363868099639944e+02
1.330000000000000000e+02 3.645792439528211162e+02
1.320000000000000000e+02 3.640623127358899183e+02
1.313727272727272748e+02 3.636363868099639944e+02
1.310000000000000000e+02 3.634465719951491565e+02
1.300000000000000000e+02 3.628168379377835322e+02
1.297599999999999909e+02 3.626363868099639944e+02
1.290000000000000000e+02 3.622021010956782447e+02
1.282325581395348877e+02 3.616363868099639944e+02
1.280000000000000000e+02 3.614987721310649249e+02
1.270000000000000000e+02 3.608496221040816181e+02
1.267100000000000080e+02 3.606363868099639944e+02
1.260000000000000000e+02 3.602283408329525400e+02
1.251760000000000161e+02 3.596363868099639944e+02
1.250000000000000000e+02 3.595354693787713245e+02
1.240000000000000000e+02 3.589363868099640058e+02
1.235922330097087638e+02 3.586363868099639944e+02
1.230000000000000000e+02 3.582689169304459256e+02
1.222045454545454675e+02 3.576363868099639944e+02
1.220000000000000000e+02 3.574979252715024813e+02
1.210000000000000000e+02 3.567474979210751371e+02
1.208602150537634259e+02 3.566363868099639944e+02
1.200000000000000000e+02 3.560608472416186601e+02
1.194869565217391596e+02 3.556363868099639944e+02
1.190000000000000000e+02 3.552928285277554323e+02
1.182132352941176237e+02 3.546363868099639944e+02
1.180000000000000000e+02 3.544813065960602216e+02
1.170125000000000171e+02 3.536363868099639944e+02
1.170000000000000000e+02 3.536266780720999350e+02
1.160000000000000000e+02 3.528558990050859165e+02
1.157452830188679513e+02 3.526363868099639944e+02
1.150000000000000000e+02 3.520761031220207542e+02
1.144833333333333201e+02 3.516363868099639944e+02
1.140000000000000000e+02 3.512597634333405949e+02
1.132992700729926696e+02 3.506363868099639944e+02
1.130000000000000000e+02 3.503923391909163456e+02
1.121753246753247026e+02 3.496363868099639944e+02
1.120000000000000000e+02 3.494896476795291846e+02
1.110542168674698473e+02 3.486363868099639944e+02
1.110000000000000000e+02 3.485913868099639785e+02
1.100000000000000000e+02 3.477407346360509450e+02
1.098857142857142719e+02 3.476363868099639944e+02
1.090000000000000000e+02 3.468740917279967562e+02
1.087521367521367779e+02 3.466363868099639944e+02
1.080000000000000000e+02 3.459488868099639944e+02
1.076774193548386904e+02 3.456363868099639944e+02
1.070000000000000000e+02 3.449902329638101719e+02
1.066377952755905767e+02 3.446363868099639944e+02
1.060000000000000000e+02 3.440133098868871002e+02
1.056201550387597194e+02 3.436363868099639944e+02
1.050000000000000000e+02 3.430162317712042750e+02
1.046141732283464876e+02 3.426363868099639944e+02
1.040000000000000000e+02 3.420123868099640276e+02
1.036147540983606348e+02 3.416363868099639944e+02
1.030000000000000000e+02 3.409898350858260301e+02
1.026611570247933685e+02 3.406363868099639944e+02
1.020000000000000000e+02 3.399091140826913033e+02
1.017540983606557177e+02 3.396363868099639944e+02
1.010000000000000000e+02 3.387601963337734787e+02
1.008888888888888573e+02 3.386363868099639944e+02
1.000408163265306314e+02 3.376363868099639944e+02
1.000000000000000000e+02 3.375860723445551912e+02
9.917032967032963597e+01 3.366363868099639944e+02
9.900000000000000000e+01 3.364211090321862230e+02
9.829813664596275657e+01 3.356363868099639944e+02
9.800000000000000000e+01 3.352699745962235056e+02
9.741958041958042713e+01 3.346363868099639944e+02
9.700000000000000000e+01 3.341006725242497168e+02
9.660305343511453202e+01 3.336363868099639944e+02
9.600000000000000000e+01 3.327776911577900592e+02
9.588392857142855519e+01 3.326363868099639944e+02
9.515168539325844677e+01 3.316363868099639944e+02
9.500000000000000000e+01 3.313931435667207097e+02
9.442068965517239576e+01 3.306363868099639944e+02
9.400000000000000000e+01 3.299187397511404924e+02
9.379130434782609882e+01 3.296363868099639944e+02
9.316184971098266487e+01 3.286363868099639944e+02
9.300000000000000000e+01 3.283563868099639649e+02
9.246268656716421219e+01 3.276363868099639944e+02
9.200000000000000000e+01 3.268802892489883902e+02
9.181132075471697362e+01 3.266363868099639944e+02
9.115853658536588000e+01 3.256363868099639944e+02
9.100000000000000000e+01 3.253474979210751030e+02
9.050387596899224718e+01 3.246363868099639944e+02
9.000000000000000000e+01 3.236515383251154958e+02
8.998947368421050896e+01 3.236363868099639944e+02
8.936301369863014088e+01 3.226363868099639944e+02
8.900000000000000000e+01 3.217065622485604877e+02
8.896078431372546902e+01 3.216363868099639944e+02
8.845517241379309326e+01 3.206363868099639944e+02
8.808994708994708844e+01 3.196363868099639944e+02
8.800000000000000000e+01 3.194156075891847877e+02
8.754545454545456096e+01 3.186363868099639944e+02
8.703314917127073613e+01 3.176363868099639944e+02
8.700000000000000000e+01 3.175732289152271619e+02
8.638620689655175511e+01 3.166363868099639944e+02
8.600000000000000000e+01 3.157879019614791787e+02
8.591379310344825626e+01 3.156363868099639944e+02
8.540372670807454369e+01 3.146363868099639944e+02
8.501449275362318758e+01 3.136363868099639944e+02
8.500000000000000000e+01 3.135993497729269848e+02
8.450943396226415416e+01 3.126363868099639944e+02
8.413793103448273314e+01 3.116363868099639944e+02
8.400000000000000000e+01 3.112528251661283889e+02
8.369594594594593673e+01 3.106363868099639944e+02
8.325263157894738697e+01 3.096363868099639944e+02
8.300000000000000000e+01 3.090210021945794097e+02
8.277777777777777146e+01 3.086363868099639944e+02
8.227027027027025952e+01 3.076363868099639944e+02
8.200000000000000000e+01 3.070034754175588887e+02
8.178358208955222608e+01 3.066363868099639944e+02
8.127956989247314823e+01 3.056363868099639944e+02
8.100000000000000000e+01 3.049610621346392918e+02
8.082394366197183899e+01 3.046363868099639944e+02
8.035937500000000000e+01 3.036363868099639944e+02
8.000000000000000000e+01 3.027039543775315451e+02
7.996551724137930250e+01 3.026363868099639944e+02
7.942105263157895934e+01 3.016363868099639944e+02
7.900000000000000000e+01 3.006487324889763499e+02
7.899290780141842561e+01 3.006363868099639944e+02
7.848108108108107217e+01 2.996363868099639944e+02
7.811255411255410763e+01 2.986363868099639944e+02
7.800000000000000000e+01 2.983072728859133349e+02
7.769714285714286461e+01 2.976363868099639944e+02
7.733027522935782372e+01 2.966363868099639944e+02
7.703773584905661664e+01 2.956363868099639944e+02
7.700000000000000000e+01 2.955081816817588560e+02
7.664948453608246837e+01 2.946363868099639944e+02
7.631799163179914558e+01 2.936363868099639944e+02
7.605653710247349863e+01 2.926363868099639944e+02
7.600000000000000000e+01 2.924045027519929931e+02
7.571505376344083516e+01 2.916363868099639944e+02
7.540888888888889596e+01 2.906363868099639944e+02
7.517602996254680647e+01 2.896363868099639944e+02
7.500000000000000000e+01 2.888118254064552275e+02
7.493827160493827932e+01 2.886363868099639944e+02
7.456000000000000227e+01 2.876363868099639944e+02
7.425104602510458562e+01 2.866363868099639944e+02
7.401824817518246391e+01 2.856363868099639944e+02
7.400000000000000000e+01 2.855454777190549294e+02
7.369696969696968836e+01 2.846363868099639944e+02
7.346113989637302666e+01 2.836363868099639944e+02
7.327314814814815236e+01 2.826363868099639944e+02
7.310729613733906262e+01 2.816363868099639944e+02
7.300000000000000000e+01 2.809010926923169222e+02
7.292500000000001137e+01 2.806363868099639944e+02
7.272794117647060830e+01 2.796363868099639944e+02
7.260135135135135442e+01 2.786363868099639944e+02
7.250000000000000000e+01 2.776363868099639944e+02
