1.076136363636363455e+02 3.186363868099639944e+02
1.080000000000000000e+02 3.193163868099640013e+02
1.082424242424242493e+02 3.196363868099639944e+02
1.089047619047618696e+02 3.206363868099639944e+02
1.090000000000000000e+02 3.207778009513781399e+02
1.097024793388429771e+02 3.216363868099639944e+02
1.100000000000000000e+02 3.220408811919865002e+02
1.104818181818181699e+02 3.226363868099639944e+02
1.110000000000000000e+02 3.233579057973057616e+02
1.112315789473684333e+02 3.236363868099639944e+02
1.119931034482758605e+02 3.246363868099639944e+02
1.120000000000000000e+02 3.246449338185109923e+02
1.128656716417910388e+02 3.256363868099639944e+02
1.130000000000000000e+02 3.258015244246429347e+02
1.137222222222222285e+02 3.266363868099639944e+02
1.140000000000000000e+02 3.269795240648659274e+02
1.145877192982456449e+02 3.276363868099639944e+02
1.150000000000000000e+02 3.281159786466986930e+02
1.154857142857142946e+02 3.286363868099639944e+02
1.160000000000000000e+02 3.292170319712543005e+02
1.163786407766990010e+02 3.296363868099639944e+02
1.170000000000000000e+02 3.303474979210751030e+02
1.172736842105263122e+02 3.306363868099639944e+02
1.180000000000000000e+02 3.313863868099639944e+02
1.182446808510638334e+02 3.316363868099639944e+02
1.190000000000000000e+02 3.323998276701790360e+02
1.192340425531914718e+02 3.326363868099639944e+02
1.200000000000000000e+02 3.333636595372366855e+02
1.202783505154639272e+02 3.336363868099639944e+02
1.210000000000000000e+02 3.343810676610278279e+02
1.212376237623762165e+02 3.346363868099639944e+02
1.220000000000000000e+02 3.355214442812283551e+02
1.221041666666666572e+02 3.356363868099639944e+02
1.229869281045751563e+02 3.366363868099639944e+02
1.230000000000000000e+02 3.366509853501099769e+02
1.239183673469387656e+02 3.376363868099639944e+02
1.240000000000000000e+02 3.377286945022716509e+02
1.248137931034482619e+02 3.386363868099639944e+02
1.250000000000000000e+02 3.388671560407332208e+02
1.256428571428571672e+02 3.396363868099639944e+02
1.260000000000000000e+02 3.401465908915966452e+02
1.264067796610169410e+02 3.406363868099639944e+02
1.270000000000000000e+02 3.414503402983360729e+02
1.271739130434782794e+02 3.416363868099639944e+02
1.280000000000000000e+02 3.425201077401965222e+02
1.281219512195121979e+02 3.426363868099639944e+02
1.290000000000000000e+02 3.433942815468060985e+02
1.292738095238095184e+02 3.436363868099639944e+02
1.300000000000000000e+02 3.442463868099640081e+02
1.304148936170212778e+02 3.446363868099639944e+02
1.310000000000000000e+02 3.451504055015527683e+02
1.315252525252524833e+02 3.456363868099639944e+02
1.320000000000000000e+02 3.460313447931572455e+02
1.326990291262135884e+02 3.466363868099639944e+02
1.330000000000000000e+02 3.468730280313380376e+02
1.339009009009009219e+02 3.476363868099639944e+02
1.340000000000000000e+02 3.477190935768812778e+02
1.350000000000000000e+02 3.486122904244218148e+02
1.350273972602739718e+02 3.486363868099639944e+02
1.360000000000000000e+02 3.493837552310166075e+02
1.363037974683543894e+02 3.496363868099639944e+02
1.370000000000000000e+02 3.501064722800495019e+02
1.377045454545454390e+02 3.506363868099639944e+02
1.380000000000000000e+02 3.508132575582633308e+02
1.390000000000000000e+02 3.514152329638101264e+02
1.393150684931507044e+02 3.516363868099639944e+02
1.400000000000000000e+02 3.520095211383222136e+02
1.408936170212766115e+02 3.526363868099639944e+02
1.410000000000000000e+02 3.526962670494849590e+02
1.420000000000000000e+02 3.532705331514274008e+02
1.425113636363636260e+02 3.536363868099639944e+02
1.430000000000000000e+02 3.539192815468061326e+02
1.439732142857142776e+02 3.546363868099639944e+02
1.440000000000000000e+02 3.546543508818202781e+02
1.450000000000000000e+02 3.553978546998722550e+02
1.452736842105263122e+02 3.556363868099639944e+02
1.460000000000000000e+02 3.562363868099639603e+02
1.464646464646464779e+02 3.566363868099639944e+02
1.470000000000000000e+02 3.570570217305988763e+02
1.477156862745097783e+02 3.576363868099639944e+02
1.480000000000000000e+02 3.578420605688292540e+02
1.489739130434782624e+02 3.586363868099639944e+02
1.490000000000000000e+02 3.586563868099640331e+02
1.500000000000000000e+02 3.594242655978428047e+02
1.502560975609756042e+02 3.596363868099639944e+02
1.510000000000000000e+02 3.601622488789295176e+02
1.516321839080459881e+02 3.606363868099639944e+02
1.520000000000000000e+02 3.608617389226400292e+02
1.530000000000000000e+02 3.615205973362798204e+02
1.531594202898550634e+02 3.616363868099639944e+02
1.540000000000000000e+02 3.621041287454478379e+02
1.547857142857142776e+02 3.626363868099639944e+02
1.550000000000000000e+02 3.627474979210751371e+02
1.560000000000000000e+02 3.632414288267707434e+02
1.566438356164383663e+02 3.636363868099639944e+02
1.570000000000000000e+02 3.638052179787951559e+02
1.580000000000000000e+02 3.643030534766306801e+02
1.585606060606060623e+02 3.646363868099639944e+02
1.590000000000000000e+02 3.648284397900964677e+02
1.600000000000000000e+02 3.652940444676216885e+02
1.605588235294117680e+02 3.656363868099639944e+02
1.610000000000000000e+02 3.658250660552470208e+02
1.620000000000000000e+02 3.663346626720329482e+02
1.624729729729729684e+02 3.666363868099639944e+02
1.630000000000000000e+02 3.668727504463276432e+02
1.640000000000000000e+02 3.673736749455572408e+02
1.644492753623188150e+02 3.676363868099639944e+02
1.650000000000000000e+02 3.678695156443197902e+02
1.660000000000000000e+02 3.682820561013026008e+02
1.668035714285713880e+02 3.686363868099639944e+02
1.670000000000000000e+02 3.686916631918735447e+02
1.680000000000000000e+02 3.689204104786030598e+02
1.690000000000000000e+02 3.691831493998920450e+02
1.700000000000000000e+02 3.695372877108649163e+02
1.702500000000000000e+02 3.696363868099639944e+02
1.710000000000000000e+02 3.698197201432973316e+02
1.720000000000000000e+02 3.700688192423964438e+02
1.730000000000000000e+02 3.703306016859970669e+02
1.739250000000000114e+02 3.706363868099639944e+02
1.740000000000000000e+02 3.706515383251154958e+02
1.750000000000000000e+02 3.708573170425221406e+02
1.760000000000000000e+02 3.710989718439776084e+02
1.770000000000000000e+02 3.713719240000466471e+02
1.777441860465116292e+02 3.716363868099639944e+02
1.780000000000000000e+02 3.716903083785914532e+02
1.790000000000000000e+02 3.718962738156137107e+02
1.800000000000000000e+02 3.721296300532072792e+02
1.810000000000000000e+02 3.724197201432973543e+02
1.816341463414634063e+02 3.726363868099639944e+02
1.820000000000000000e+02 3.727099162217286903e+02
1.830000000000000000e+02 3.728974979210751144e+02
1.840000000000000000e+02 3.730525358782870171e+02
1.850000000000000000e+02 3.731634138369910261e+02
1.860000000000000000e+02 3.732707151681729556e+02
1.870000000000000000e+02 3.734010926923169222e+02
1.880000000000000000e+02 3.735514811495866070e+02
1.884736842105263008e+02 3.736363868099639944e+02
1.890000000000000000e+02 3.736892968628740164e+02
1.900000000000000000e+02 3.738182049917821814e+02
1.910000000000000000e+02 3.739676368099640058e+02
1.920000000000000000e+02 3.741541173064179020e+02
1.930000000000000000e+02 3.743884529256664564e+02
1.939375000000000000e+02 3.746363868099639944e+02
1.940000000000000000e+02 3.746460486457127672e+02
1.950000000000000000e+02 3.747861194302848844e+02
1.960000000000000000e+02 3.749315675328555244e+02
1.970000000000000000e+02 3.750884416044845011e+02
1.980000000000000000e+02 3.752272959008730595e+02
1.990000000000000000e+02 3.753193136392322913e+02
2.000000000000000000e+02 3.753758826082832911e+02
2.010000000000000000e+02 3.754276911577900933e+02
2.020000000000000000e+02 3.754756725242497168e+02
2.030000000000000000e+02 3.755522746604312943e+02
2.040000000000000000e+02 3.756363868099639944e+02
2.050000000000000000e+02 3.756744820480592466e+02
2.060000000000000000e+02 3.757358892975261710e+02
2.070000000000000000e+02 3.758266042012683101e+02
2.080000000000000000e+02 3.759575989311761077e+02
2.090000000000000000e+02 3.761363868099639944e+02
2.100000000000000000e+02 3.763243868099639826e+02
2.110000000000000000e+02 3.764189955056161807e+02
2.120000000000000000e+02 3.763628825364597219e+02
2.130000000000000000e+02 3.762286945022716509e+02
2.140000000000000000e+02 3.760921691228891746e+02
2.150000000000000000e+02 3.759836921991855547e+02
2.160000000000000000e+02 3.758863868099639944e+02
2.170000000000000000e+02 3.758088006030674251e+02
2.180000000000000000e+02 3.757298447538892106e+02
2.190000000000000000e+02 3.756451587397885419e+02
2.190833333333333428e+02 3.756363868099639944e+02
2.200000000000000000e+02 3.754560589411115643e+02
2.210000000000000000e+02 3.752856405413073162e+02
2.220000000000000000e+02 3.751780534766306801e+02
2.230000000000000000e+02 3.751039192774964590e+02
2.240000000000000000e+02 3.750376213778652073e+02
2.250000000000000000e+02 3.749697201432973088e+02
2.260000000000000000e+02 3.749252756988528859e+02
2.270000000000000000e+02 3.749105803583511261e+02
2.280000000000000000e+02 3.748998276701790360e+02
2.290000000000000000e+02 3.748797730533502772e+02
2.300000000000000000e+02 3.748312586048357957e+02
2.310000000000000000e+02 3.747540338687875305e+02
2.320000000000000000e+02 3.746650949439352871e+02
2.322727272727272805e+02 3.746363868099639944e+02
2.330000000000000000e+02 3.745007935896250046e+02
2.340000000000000000e+02 3.743331081214394089e+02
2.350000000000000000e+02 3.741666898402670540e+02
2.360000000000000000e+02 3.740406421291129391e+02
2.370000000000000000e+02 3.739497201432973270e+02
2.380000000000000000e+02 3.738832222530019749e+02
2.390000000000000000e+02 3.738160275285268881e+02
2.400000000000000000e+02 3.737363868099639603e+02
2.408181818181818130e+02 3.736363868099639944e+02
2.410000000000000000e+02 3.735993497729269848e+02
2.420000000000000000e+02 3.733529222430348682e+02
2.430000000000000000e+02 3.731329854494197775e+02
2.440000000000000000e+02 3.729477640554729874e+02
2.450000000000000000e+02 3.727607111342883286e+02
2.456216216216216139e+02 3.726363868099639944e+02
2.460000000000000000e+02 3.725135797924201597e+02
2.470000000000000000e+02 3.722153341783850351e+02
2.480000000000000000e+02 3.719783222938349354e+02
2.490000000000000000e+02 3.717621010956783039e+02
2.495641025641025692e+02 3.716363868099639944e+02
2.500000000000000000e+02 3.714775083052911100e+02
2.510000000000000000e+02 3.711212352948124931e+02
2.520000000000000000e+02 3.708607457843229440e+02
2.530000000000000000e+02 3.706419734021427530e+02
2.530238095238095184e+02 3.706363868099639944e+02
2.540000000000000000e+02 3.702947201432973543e+02
2.550000000000000000e+02 3.699807576708911370e+02
2.560000000000000000e+02 3.697030534766306573e+02
2.562307692307692264e+02 3.696363868099639944e+02
2.570000000000000000e+02 3.693138061648027133e+02
2.580000000000000000e+02 3.689830534766306300e+02
2.590000000000000000e+02 3.687094205178291304e+02
2.592954545454545610e+02 3.686363868099639944e+02
2.600000000000000000e+02 3.683822884493082483e+02
2.610000000000000000e+02 3.680947201432973088e+02
2.620000000000000000e+02 3.678619965660615208e+02
2.630000000000000000e+02 3.676744302882248689e+02
2.632187500000000000e+02 3.676363868099639944e+02
2.640000000000000000e+02 3.674245224031843691e+02
2.650000000000000000e+02 3.671960883025012663e+02
2.660000000000000000e+02 3.670023998818594464e+02
2.670000000000000000e+02 3.668625772861544760e+02
2.680000000000000000e+02 3.667586090321862002e+02
2.690000000000000000e+02 3.666726562400158400e+02
2.695384615384615472e+02 3.666363868099639944e+02
2.700000000000000000e+02 3.665818413554185327e+02
2.710000000000000000e+02 3.664851263057623214e+02
2.720000000000000000e+02 3.664062280798052598e+02
2.730000000000000000e+02 3.663495651045376462e+02
2.740000000000000000e+02 3.663005089473685985e+02
2.750000000000000000e+02 3.662454093663549770e+02
2.760000000000000000e+02 3.661327896876618411e+02
2.770000000000000000e+02 3.659877381613153489e+02
2.780000000000000000e+02 3.658912887707483037e+02
2.790000000000000000e+02 3.659002756988528517e+02
2.800000000000000000e+02 3.660443868099639531e+02
2.810000000000000000e+02 3.663128573981992986e+02
2.820000000000000000e+02 3.665201077401965222e+02
2.830000000000000000e+02 3.662486317079232094e+02
2.840000000000000000e+02 3.656867465221941984e+02
2.840744680851063890e+02 3.656363868099639944e+02
2.850000000000000000e+02 3.649113868099640285e+02
2.854647887323943678e+02 3.646363868099639944e+02
2.860000000000000000e+02 3.642812466230481050e+02
2.870000000000000000e+02 3.638088006030674251e+02
2.874310344827586050e+02 3.636363868099639944e+02
2.880000000000000000e+02 3.633469131257534741e+02
2.890000000000000000e+02 3.628830534766306641e+02
2.895967741935484128e+02 3.626363868099639944e+02
2.900000000000000000e+02 3.624245224031843691e+02
2.910000000000000000e+02 3.620023998818594464e+02
2.920000000000000000e+02 3.616964960995815090e+02
2.922115384615384528e+02 3.616363868099639944e+02
2.930000000000000000e+02 3.613109899845671862e+02
2.940000000000000000e+02 3.609585344609706681e+02
2.950000000000000000e+02 3.606422347631803405e+02
2.950172413793103487e+02 3.606363868099639944e+02
2.960000000000000000e+02 3.601875679123261875e+02
2.970000000000000000e+02 3.597907492260713980e+02
2.973709677419354875e+02 3.596363868099639944e+02
2.980000000000000000e+02 3.593113868099640058e+02
2.990000000000000000e+02 3.588995447047008156e+02
2.998163265306122298e+02 3.586363868099639944e+02
3.000000000000000000e+02 3.585545686281458302e+02
3.010000000000000000e+02 3.581100710204902953e+02
3.020000000000000000e+02 3.576680323795842469e+02
3.020520833333333144e+02 3.576363868099639944e+02
3.030000000000000000e+02 3.569417303214144113e+02
3.034255319148936110e+02 3.566363868099639944e+02
3.040000000000000000e+02 3.561937638591443260e+02
3.047906976744185954e+02 3.556363868099639944e+02
3.050000000000000000e+02 3.554665754892092764e+02
3.060000000000000000e+02 3.547143088878860908e+02
3.061071428571428328e+02 3.546363868099639944e+02
3.070000000000000000e+02 3.539321614578512936e+02
3.074375000000000000e+02 3.536363868099639944e+02
3.080000000000000000e+02 3.532009029389962507e+02
3.088433734939758892e+02 3.526363868099639944e+02
3.090000000000000000e+02 3.525063868099639990e+02
3.100000000000000000e+02 3.517117292757174027e+02
3.101018518518518476e+02 3.516363868099639944e+02
3.110000000000000000e+02 3.509178682914454726e+02
3.114269662921348072e+02 3.506363868099639944e+02
3.120000000000000000e+02 3.502183540230787457e+02
3.129594594594594810e+02 3.496363868099639944e+02
3.130000000000000000e+02 3.496075406561178625e+02
3.140000000000000000e+02 3.489271669518079761e+02
3.145124999999999886e+02 3.486363868099639944e+02
3.150000000000000000e+02 3.483058783353877175e+02
3.160000000000000000e+02 3.477213541302254498e+02
3.161511627906976969e+02 3.476363868099639944e+02
3.170000000000000000e+02 3.470748483484255189e+02
3.178260869565217490e+02 3.466363868099639944e+02
3.180000000000000000e+02 3.465221010956782948e+02
3.190000000000000000e+02 3.459572823323520652e+02
3.197049180327869067e+02 3.456363868099639944e+02
3.200000000000000000e+02 3.454697201432973088e+02
3.210000000000000000e+02 3.449575546931756662e+02
