1.275555555555555571e+02 3.540000000000000000e+02
1.270000000000000000e+02 3.531919191919191690e+02
1.268733333333333348e+02 3.530000000000000000e+02
1.260638297872340416e+02 3.520000000000000000e+02
1.260000000000000000e+02 3.519310344827586050e+02
1.250240963855421654e+02 3.510000000000000000e+02
1.250000000000000000e+02 3.509787234042553337e+02
1.240000000000000000e+02 3.501830985915493102e+02
1.237204301075268802e+02 3.500000000000000000e+02
1.230000000000000000e+02 3.494682539682539755e+02
1.222133333333333383e+02 3.490000000000000000e+02
1.220000000000000000e+02 3.488490566037735903e+02
1.210000000000000000e+02 3.481736111111110858e+02
1.207311827956989276e+02 3.480000000000000000e+02
1.200000000000000000e+02 3.474471544715447067e+02
1.193678160919540261e+02 3.470000000000000000e+02
1.190000000000000000e+02 3.467064220183486327e+02
1.180000000000000000e+02 3.460326797385620807e+02
1.179479166666666714e+02 3.460000000000000000e+02
1.170000000000000000e+02 3.453259259259259011e+02
1.164430379746835484e+02 3.450000000000000000e+02
1.160000000000000000e+02 3.446788990825688188e+02
1.150000000000000000e+02 3.440419580419580257e+02
1.149340659340659272e+02 3.440000000000000000e+02
1.140000000000000000e+02 3.432672413793103487e+02
1.136630434782608745e+02 3.430000000000000000e+02
1.130000000000000000e+02 3.424077669902912362e+02
1.125714285714285694e+02 3.420000000000000000e+02
1.120000000000000000e+02 3.414343434343434183e+02
1.116386554621848717e+02 3.410000000000000000e+02
1.110000000000000000e+02 3.402083333333333144e+02
1.108639455782312950e+02 3.400000000000000000e+02
1.102500000000000000e+02 3.390000000000000000e+02
1.100000000000000000e+02 3.386285714285714334e+02
1.096173913043478194e+02 3.380000000000000000e+02
1.090000000000000000e+02 3.371647058823529619e+02
1.088906250000000000e+02 3.370000000000000000e+02
1.081739130434782652e+02 3.360000000000000000e+02
1.080000000000000000e+02 3.357746478873239653e+02
1.075258620689655231e+02 3.350000000000000000e+02
1.070000000000000000e+02 3.342375000000000114e+02
1.068680555555555571e+02 3.340000000000000000e+02
1.062815533980582501e+02 3.330000000000000000e+02
1.060000000000000000e+02 3.326027397260273801e+02
1.056666666666666714e+02 3.320000000000000000e+02
1.050000000000000000e+02 3.310329670329670080e+02
1.049818181818181841e+02 3.310000000000000000e+02
1.044552845528455265e+02 3.300000000000000000e+02
1.040000000000000000e+02 3.292727272727272521e+02
1.038742514970059858e+02 3.290000000000000000e+02
1.033750000000000000e+02 3.280000000000000000e+02
1.030000000000000000e+02 3.274578313253011856e+02
1.027532467532467564e+02 3.270000000000000000e+02
1.020873786407767057e+02 3.260000000000000000e+02
1.020000000000000000e+02 3.258767123287670984e+02
1.015187969924811995e+02 3.250000000000000000e+02
1.010000000000000000e+02 3.242500000000000000e+02
1.008588957055214763e+02 3.240000000000000000e+02
3.180000000000000000e+02 3.414677419354838435e+02
3.170000000000000000e+02 3.419700000000000273e+02
3.169482758620689538e+02 3.420000000000000000e+02
3.160000000000000000e+02 3.424166666666666856e+02
3.150128205128204968e+02 3.430000000000000000e+02
3.150000000000000000e+02 3.430061728395061778e+02
3.140000000000000000e+02 3.434924242424242493e+02
3.131184210526315610e+02 3.440000000000000000e+02
3.130000000000000000e+02 3.440562499999999773e+02
3.120000000000000000e+02 3.445187969924812137e+02
3.111466666666666470e+02 3.450000000000000000e+02
3.110000000000000000e+02 3.450700636942675033e+02
3.100000000000000000e+02 3.455625000000000000e+02
3.092727272727272521e+02 3.460000000000000000e+02
3.090000000000000000e+02 3.461337579617834308e+02
3.080000000000000000e+02 3.466612903225806690e+02
3.074750000000000227e+02 3.470000000000000000e+02
3.070000000000000000e+02 3.472602739726027608e+02
3.060000000000000000e+02 3.478495575221239164e+02
3.057571428571428669e+02 3.480000000000000000e+02
3.050000000000000000e+02 3.483955223880597032e+02
3.040000000000000000e+02 3.490000000000000000e+02
3.030000000000000000e+02 3.495000000000000000e+02
3.022048192771084132e+02 3.500000000000000000e+02
3.020000000000000000e+02 3.501075949367088356e+02
3.010000000000000000e+02 3.506639999999999873e+02
3.004545454545454390e+02 3.510000000000000000e+02
3.000000000000000000e+02 3.512258064516129252e+02
2.990000000000000000e+02 3.517563025210084220e+02
2.986081081081081265e+02 3.520000000000000000e+02
2.980000000000000000e+02 3.523146853146853346e+02
2.970000000000000000e+02 3.529074074074073906e+02
2.968437500000000000e+02 3.530000000000000000e+02
2.960000000000000000e+02 3.534090909090909349e+02
2.950000000000000000e+02 3.540000000000000000e+02
2.940000000000000000e+02 3.545042735042734989e+02
2.932054794520548171e+02 3.550000000000000000e+02
2.930000000000000000e+02 3.551127819548872253e+02
2.920000000000000000e+02 3.556730769230769056e+02
2.914603174603174693e+02 3.560000000000000000e+02
2.910000000000000000e+02 3.562396694214875765e+02
2.900000000000000000e+02 3.567326732673267315e+02
2.894130434782608745e+02 3.570000000000000000e+02
2.890000000000000000e+02 3.571347517730496293e+02
2.880000000000000000e+02 3.574285714285714448e+02
2.870000000000000000e+02 3.577339449541284466e+02
2.861470588235293917e+02 3.580000000000000000e+02
2.860000000000000000e+02 3.580333333333333599e+02
