4.010150375939849710e+02 2.616363868099639944e+02
4.010387596899224718e+02 2.626363868099639944e+02
4.010081300813008056e+02 2.636363868099639944e+02
4.010000000000000000e+02 2.637363868099639603e+02
4.009569377990430894e+02 2.646363868099639944e+02
4.008829268292682855e+02 2.656363868099639944e+02
4.008000000000000114e+02 2.666363868099639944e+02
4.007031250000000000e+02 2.676363868099639944e+02
4.005769230769230944e+02 2.686363868099639944e+02
4.004117647058823763e+02 2.696363868099639944e+02
4.002115384615384528e+02 2.706363868099639944e+02
4.000000000000000000e+02 2.716069750452580820e+02
3.999955156950672404e+02 2.716363868099639944e+02
3.998719211822660213e+02 2.726363868099639944e+02
3.997433155080213965e+02 2.736363868099639944e+02
3.996035502958579855e+02 2.746363868099639944e+02
3.994210526315789593e+02 2.756363868099639944e+02
3.991791044776119293e+02 2.766363868099639944e+02
3.990000000000000000e+02 2.773221010956782493e+02
3.989452736318407915e+02 2.776363868099639944e+02
3.987883597883597986e+02 2.786363868099639944e+02
3.986358381502890325e+02 2.796363868099639944e+02
3.984562500000000114e+02 2.806363868099639944e+02
3.982708333333333144e+02 2.816363868099639944e+02
3.980775193798449436e+02 2.826363868099639944e+02
3.980000000000000000e+02 2.830067571803343753e+02
3.979137055837563253e+02 2.836363868099639944e+02
3.977802197802197952e+02 2.846363868099639944e+02
3.976287425149700425e+02 2.856363868099639944e+02
3.974539473684210407e+02 2.866363868099639944e+02
3.972608695652173765e+02 2.876363868099639944e+02
3.970640000000000214e+02 2.886363868099639944e+02
3.970000000000000000e+02 2.889563868099639876e+02
3.969086021505376607e+02 2.896363868099639944e+02
3.967616279069767415e+02 2.906363868099639944e+02
3.965949367088607573e+02 2.916363868099639944e+02
3.964265734265734409e+02 2.926363868099639944e+02
3.962343750000000000e+02 2.936363868099639944e+02
3.960000000000000000e+02 2.946041287454478379e+02
3.959944444444444684e+02 2.946363868099639944e+02
3.958036809815951074e+02 2.956363868099639944e+02
3.956216216216216139e+02 2.966363868099639944e+02
3.954307692307692150e+02 2.976363868099639944e+02
3.951913043478260761e+02 2.986363868099639944e+02
3.950000000000000000e+02 2.992153341783850351e+02
3.949058823529411484e+02 2.996363868099639944e+02
3.946733333333333462e+02 3.006363868099639944e+02
3.943969465648854680e+02 3.016363868099639944e+02
3.940446428571428328e+02 3.026363868099639944e+02
3.940000000000000000e+02 3.027474979210751371e+02
3.937452229299362898e+02 3.036363868099639944e+02
3.934135338345864739e+02 3.046363868099639944e+02
3.930090090090089916e+02 3.056363868099639944e+02
3.930000000000000000e+02 3.056576634057087176e+02
3.927124999999999773e+02 3.066363868099639944e+02
3.923409090909090651e+02 3.076363868099639944e+02
3.920000000000000000e+02 3.083395118099639944e+02
3.918895348837209553e+02 3.086363868099639944e+02
3.914788732394366093e+02 3.096363868099639944e+02
3.910000000000000000e+02 3.105808312544084515e+02
3.909784946236559335e+02 3.106363868099639944e+02
3.906153846153846416e+02 3.116363868099639944e+02
3.901854838709677438e+02 3.126363868099639944e+02
3.900000000000000000e+02 3.130073545518994820e+02
3.897547169811320487e+02 3.136363868099639944e+02
3.892719999999999914e+02 3.146363868099639944e+02
3.890000000000000000e+02 3.151021402346215154e+02
3.887650602409638623e+02 3.156363868099639944e+02
3.882651515151515014e+02 3.166363868099639944e+02
3.880000000000000000e+02 3.170851047586819504e+02
3.877345679012345840e+02 3.176363868099639944e+02
3.871721311475409948e+02 3.186363868099639944e+02
3.870000000000000000e+02 3.189056175791947680e+02
3.866095890410958873e+02 3.196363868099639944e+02
3.860000000000000000e+02 3.205539125831598994e+02
3.859520958083832056e+02 3.206363868099639944e+02
3.853759999999999764e+02 3.216363868099639944e+02
3.850000000000000000e+02 3.221644766976044139e+02
3.847021276595744439e+02 3.226363868099639944e+02
3.840000000000000000e+02 3.235975518585076998e+02
3.839750000000000227e+02 3.236363868099639944e+02
3.833636363636363740e+02 3.246363868099639944e+02
3.830000000000000000e+02 3.251199032934804904e+02
3.826544117647058556e+02 3.256363868099639944e+02
3.820000000000000000e+02 3.264604608840380706e+02
3.818733333333333348e+02 3.266363868099639944e+02
3.810841121495327002e+02 3.276363868099639944e+02
3.810000000000000000e+02 3.277375104054696067e+02
3.802727272727272521e+02 3.286363868099639944e+02
3.800000000000000000e+02 3.289555357461342169e+02
3.794576271186440408e+02 3.296363868099639944e+02
3.790000000000000000e+02 3.301657985746699069e+02
3.786250000000000000e+02 3.306363868099639944e+02
3.780000000000000000e+02 3.313443514117338964e+02
3.777573529411764639e+02 3.316363868099639944e+02
3.770000000000000000e+02 3.324538471274242966e+02
3.768357142857142890e+02 3.326363868099639944e+02
3.760000000000000000e+02 3.335227504463276205e+02
3.758986486486486456e+02 3.336363868099639944e+02
3.750000000000000000e+02 3.346289241233968141e+02
3.749936708860759609e+02 3.346363868099639944e+02
3.741964285714285552e+02 3.356363868099639944e+02
3.740000000000000000e+02 3.358704293631554947e+02
3.734049586776859542e+02 3.366363868099639944e+02
3.730000000000000000e+02 3.371121149653038174e+02
3.725537190082644656e+02 3.376363868099639944e+02
3.720000000000000000e+02 3.382139730168605638e+02
3.715701754385964932e+02 3.386363868099639944e+02
3.710000000000000000e+02 3.391563868099640331e+02
3.704230769230769056e+02 3.396363868099639944e+02
3.700000000000000000e+02 3.400000231736003684e+02
3.692376237623762449e+02 3.406363868099639944e+02
3.690000000000000000e+02 3.408469131257534741e+02
3.680625000000000000e+02 3.416363868099639944e+02
3.680000000000000000e+02 3.416929905835488626e+02
3.670000000000000000e+02 3.425383475942777523e+02
3.668760330578512594e+02 3.426363868099639944e+02
3.660000000000000000e+02 3.433935296671068613e+02
3.657043478260869733e+02 3.436363868099639944e+02
3.650000000000000000e+02 3.442547074206510160e+02
3.645283018867924625e+02 3.446363868099639944e+02
3.640000000000000000e+02 3.450954032034065904e+02
3.633333333333333144e+02 3.456363868099639944e+02
3.630000000000000000e+02 3.459284222081940925e+02
3.620909090909090651e+02 3.466363868099639944e+02
3.620000000000000000e+02 3.467125772861544419e+02
3.610000000000000000e+02 3.474854434137375847e+02
3.607818181818182097e+02 3.476363868099639944e+02
3.600000000000000000e+02 3.482135680180176678e+02
3.593505154639175316e+02 3.486363868099639944e+02
3.590000000000000000e+02 3.489083868099639858e+02
3.580000000000000000e+02 3.496092128969205532e+02
3.579612403100775282e+02 3.496363868099639944e+02
3.570000000000000000e+02 3.503971230062829818e+02
3.566176470588235361e+02 3.506363868099639944e+02
3.560000000000000000e+02 3.510896242200359438e+02
3.550256410256410504e+02 3.516363868099639944e+02
3.550000000000000000e+02 3.516547354338172227e+02
3.540000000000000000e+02 3.523407893256872967e+02
3.534659090909090651e+02 3.526363868099639944e+02
3.530000000000000000e+02 3.529592214556332692e+02
3.520000000000000000e+02 3.535484747220518784e+02
3.518446601941747645e+02 3.536363868099639944e+02
3.510000000000000000e+02 3.542282235446579080e+02
3.502405063291139413e+02 3.546363868099639944e+02
3.500000000000000000e+02 3.548030534766306801e+02
3.490000000000000000e+02 3.553757807493579435e+02
3.484266666666666765e+02 3.556363868099639944e+02
3.480000000000000000e+02 3.558863868099639944e+02
3.470000000000000000e+02 3.563711934397982759e+02
3.463142857142856883e+02 3.566363868099639944e+02
3.460000000000000000e+02 3.568082618099639944e+02
3.450000000000000000e+02 3.572878153813925337e+02
3.440757575757575637e+02 3.576363868099639944e+02
3.440000000000000000e+02 3.576794902582398663e+02
3.430000000000000000e+02 3.582182049917821587e+02
3.420000000000000000e+02 3.586176952211789057e+02
3.419550561797752835e+02 3.586363868099639944e+02
3.410000000000000000e+02 3.591777880838493502e+02
3.400000000000000000e+02 3.595929085490944317e+02
3.398953488372093261e+02 3.596363868099639944e+02
3.390000000000000000e+02 3.601531653334538987e+02
3.380000000000000000e+02 3.605775632805522264e+02
3.378651685393258504e+02 3.606363868099639944e+02
3.370000000000000000e+02 3.611497201432973156e+02
3.360000000000000000e+02 3.615502624080501164e+02
3.357804878048780211e+02 3.616363868099639944e+02
3.350000000000000000e+02 3.620630534766306710e+02
3.340000000000000000e+02 3.624802892489883561e+02
3.336000000000000227e+02 3.626363868099639944e+02
3.330000000000000000e+02 3.629842128969205532e+02
3.320000000000000000e+02 3.634158739894511427e+02
3.313676470588235361e+02 3.636363868099639944e+02
3.310000000000000000e+02 3.638301852595764103e+02
3.300000000000000000e+02 3.642757310722590773e+02
3.290000000000000000e+02 3.646154663078719409e+02
3.289425287356322087e+02 3.646363868099639944e+02
3.280000000000000000e+02 3.651425596494701722e+02
3.270000000000000000e+02 3.654961998940761418e+02
3.265454545454545610e+02 3.656363868099639944e+02
3.260000000000000000e+02 3.658972563751814278e+02
3.250000000000000000e+02 3.662815481002866136e+02
3.240000000000000000e+02 3.665990424116237136e+02
3.238902439024390105e+02 3.666363868099639944e+02
3.230000000000000000e+02 3.670898029590323404e+02
3.220000000000000000e+02 3.674418166742174208e+02
3.214189189189189051e+02 3.676363868099639944e+02
3.210000000000000000e+02 3.678748483484255303e+02
3.200000000000000000e+02 3.683718365454137711e+02
3.193506493506493484e+02 3.686363868099639944e+02
3.190000000000000000e+02 3.688632775662665040e+02
3.180000000000000000e+02 3.693764998043142782e+02
3.173235294117646959e+02 3.696363868099639944e+02
3.170000000000000000e+02 3.698328153813926065e+02
3.160000000000000000e+02 3.702809651232170154e+02
3.150000000000000000e+02 3.705629923145511384e+02
3.146862745098039227e+02 3.706363868099639944e+02
3.140000000000000000e+02 3.709119773611450910e+02
3.130000000000000000e+02 3.712069389572032492e+02
3.120000000000000000e+02 3.714272031364945974e+02
3.110000000000000000e+02 3.716274582385353824e+02
3.109607843137254690e+02 3.716363868099639944e+02
3.100000000000000000e+02 3.719993497729269620e+02
3.090000000000000000e+02 3.723070454925987178e+02
3.080000000000000000e+02 3.725667350686704822e+02
3.077358490566037972e+02 3.726363868099639944e+02
3.070000000000000000e+02 3.729534599806956976e+02
3.060000000000000000e+02 3.732590283193979985e+02
3.050000000000000000e+02 3.735000231736003684e+02
3.044255319148936110e+02 3.736363868099639944e+02
3.040000000000000000e+02 3.738016760661623721e+02
3.030000000000000000e+02 3.741460642293188243e+02
3.020000000000000000e+02 3.744100710204903066e+02
3.010000000000000000e+02 3.746317571803343753e+02
3.009803921568627629e+02 3.746363868099639944e+02
3.000000000000000000e+02 3.750067571803343753e+02
2.990000000000000000e+02 3.752972055234142772e+02
2.980000000000000000e+02 3.755334456334934430e+02
2.975625000000000000e+02 3.756363868099639944e+02
2.970000000000000000e+02 3.758576982853738286e+02
2.960000000000000000e+02 3.761824394415429538e+02
2.950000000000000000e+02 3.764178075749913432e+02
2.940000000000000000e+02 3.765945263448477363e+02
2.937692307692307736e+02 3.766363868099639944e+02
2.930000000000000000e+02 3.768763868099640035e+02
2.920000000000000000e+02 3.771563868099640331e+02
2.910000000000000000e+02 3.774007546260559138e+02
2.900000000000000000e+02 3.776160822414360609e+02
2.899183673469387941e+02 3.776363868099639944e+02
2.890000000000000000e+02 3.779963868099640081e+02
2.880000000000000000e+02 3.783117114852886971e+02
2.870000000000000000e+02 3.785664943368457216e+02
2.866976744186046631e+02 3.786363868099639944e+02
2.860000000000000000e+02 3.788972563751814278e+02
2.850000000000000000e+02 3.791721010956782720e+02
2.840000000000000000e+02 3.793653024726145873e+02
2.830000000000000000e+02 3.795294349383062809e+02
2.823103448275862206e+02 3.796363868099639944e+02
2.820000000000000000e+02 3.797237654507407001e+02
2.810000000000000000e+02 3.799941103871997257e+02
2.800000000000000000e+02 3.802377381613153489e+02
2.790000000000000000e+02 3.804456353648772620e+02
2.780000000000000000e+02 3.806263868099640035e+02
2.779523809523809632e+02 3.806363868099639944e+02
2.770000000000000000e+02 3.809615900619965032e+02
2.760000000000000000e+02 3.812402829138600850e+02
2.750000000000000000e+02 3.814545686281458075e+02
2.740000000000000000e+02 3.816134510301474734e+02
2.738275862068965694e+02 3.816363868099639944e+02
2.730000000000000000e+02 3.818450824621378956e+02
2.720000000000000000e+02 3.820608472416186601e+02
2.710000000000000000e+02 3.822628928340603807e+02
2.700000000000000000e+02 3.824629174222088750e+02
2.691282051282051384e+02 3.826363868099639944e+02
2.690000000000000000e+02 3.826854064178071440e+02
2.680000000000000000e+02 3.830424018475579828e+02
2.670000000000000000e+02 3.833171097015302848e+02
2.660000000000000000e+02 3.835208089205167425e+02
2.653783783783783861e+02 3.836363868099639944e+02
2.650000000000000000e+02 3.837636595372367196e+02
2.640000000000000000e+02 3.840451459340515612e+02
2.630000000000000000e+02 3.842727504463276773e+02
2.620000000000000000e+02 3.844655325386072491e+02
2.610000000000000000e+02 3.846234557754812613e+02
2.609285714285714448e+02 3.846363868099639944e+02
2.600000000000000000e+02 3.849410743099639944e+02
2.590000000000000000e+02 3.851676368099639944e+02
2.580000000000000000e+02 3.853374177377990009e+02
2.570000000000000000e+02 3.854872640029464037e+02
2.560000000000000000e+02 3.856324805599639944e+02
2.559756097560975547e+02 3.856363868099639944e+02
2.550000000000000000e+02 3.859262418824278029e+02
2.540000000000000000e+02 3.861394542946266029e+02
2.530000000000000000e+02 3.862995447047007929e+02
2.520000000000000000e+02 3.864392037113724427e+02
2.510000000000000000e+02 3.865439498351740895e+02
2.500000000000000000e+02 3.866363868099639944e+02
2.490000000000000000e+02 3.868123868099639822e+02
2.480000000000000000e+02 3.870019040513433310e+02
2.470000000000000000e+02 3.871607770538664681e+02
2.460000000000000000e+02 3.872960726738383528e+02
2.450000000000000000e+02 3.874197969482128201e+02
2.440000000000000000e+02 3.875368017477233025e+02
2.430000000000000000e+02 3.876289794025565811e+02
2.429199999999999875e+02 3.876363868099639944e+02
2.420000000000000000e+02 3.878160743099639944e+02
2.410000000000000000e+02 3.879652458703666298e+02
2.400000000000000000e+02 3.881034526782274270e+02
2.390000000000000000e+02 3.882534080865597161e+02
2.380000000000000000e+02 3.883888139944300519e+02
2.370000000000000000e+02 3.884852756988528881e+02
2.360000000000000000e+02 3.885413454876499486e+02
2.350000000000000000e+02 3.885782472750802299e+02
2.340000000000000000e+02 3.886140819772502368e+02
2.332500000000000000e+02 3.886363868099639944e+02
2.330000000000000000e+02 3.886531935326530629e+02
2.320000000000000000e+02 3.887403868099639794e+02
2.310000000000000000e+02 3.888119593290479656e+02
2.300000000000000000e+02 3.888586090321862230e+02
2.290000000000000000e+02 3.889097681049280482e+02
2.280000000000000000e+02 3.889583046181832060e+02
2.270000000000000000e+02 3.890048078625956123e+02
2.260000000000000000e+02 3.890451918414105421e+02
2.250000000000000000e+02 3.890815087611834997e+02
2.240000000000000000e+02 3.891062663280363267e+02
2.230000000000000000e+02 3.891151746887518357e+02
2.220000000000000000e+02 3.891116954519393403e+02
2.210000000000000000e+02 3.891176368099639831e+02
2.200000000000000000e+02 3.891116954519393403e+02
2.190000000000000000e+02 3.890965095093505397e+02
2.180000000000000000e+02 3.890746584149022738e+02
2.170000000000000000e+02 3.890463246981627208e+02
2.160000000000000000e+02 3.890081816817588560e+02
2.150000000000000000e+02 3.889471976207747730e+02
2.140000000000000000e+02 3.888480656420807691e+02
2.130000000000000000e+02 3.887395614131386310e+02
2.121333333333333258e+02 3.886363868099639944e+02
2.120000000000000000e+02 3.886293692661043906e+02
2.110000000000000000e+02 3.885706933793070448e+02
2.100000000000000000e+02 3.885151746887518698e+02
2.090000000000000000e+02 3.884743314739956190e+02
2.080000000000000000e+02 3.884478622198000721e+02
2.070000000000000000e+02 3.884193655333682500e+02
2.060000000000000000e+02 3.883673285139998370e+02
2.050000000000000000e+02 3.883093725919545136e+02
2.040000000000000000e+02 3.882474979210751371e+02
2.030000000000000000e+02 3.881793975626521842e+02
2.020000000000000000e+02 3.881073170425221406e+02
2.010000000000000000e+02 3.880463246981627208e+02
2.000000000000000000e+02 3.879561147011204412e+02
1.990000000000000000e+02 3.878333565069336828e+02
1.980000000000000000e+02 3.876627025994376936e+02
1.978636363636363740e+02 3.876363868099639944e+02
1.970000000000000000e+02 3.875662761088569823e+02
1.960000000000000000e+02 3.874791287454478379e+02
1.950000000000000000e+02 3.873739433710499611e+02
1.940000000000000000e+02 3.872446342326444437e+02
1.930000000000000000e+02 3.870821699424941471e+02
1.920000000000000000e+02 3.868863868099639944e+02
1.910540540540540633e+02 3.866363868099639944e+02
1.910000000000000000e+02 3.866294423655195942e+02
1.900000000000000000e+02 3.864912887707482696e+02
1.890000000000000000e+02 3.863276310495953112e+02
1.880000000000000000e+02 3.861281900886525591e+02
1.870000000000000000e+02 3.858570764651364016e+02
1.863469387755101820e+02 3.856363868099639944e+02
1.860000000000000000e+02 3.855771533604866477e+02
1.850000000000000000e+02 3.854100493614042762e+02
1.840000000000000000e+02 3.852063868099639876e+02
1.830000000000000000e+02 3.849571415269451222e+02
1.820000000000000000e+02 3.846526469725656625e+02
1.819534883720930338e+02 3.846363868099639944e+02
1.810000000000000000e+02 3.844804932738422849e+02
1.800000000000000000e+02 3.842895399631171358e+02
1.790000000000000000e+02 3.840634138369910033e+02
1.780000000000000000e+02 3.838041720448633214e+02
1.774186046511627524e+02 3.836363868099639944e+02
1.770000000000000000e+02 3.835730065282738224e+02
1.760000000000000000e+02 3.834098910834682670e+02
1.750000000000000000e+02 3.831978841361672039e+02
1.740000000000000000e+02 3.828969501902456614e+02
1.733272727272727138e+02 3.826363868099639944e+02
1.730000000000000000e+02 3.825714048605054813e+02
1.720000000000000000e+02 3.823673285139998370e+02
1.710000000000000000e+02 3.821185296671068272e+02
1.700000000000000000e+02 3.817530534766306687e+02
1.697307692307692264e+02 3.816363868099639944e+02
1.690000000000000000e+02 3.814739936475708646e+02
1.680000000000000000e+02 3.812078153813926065e+02
1.670000000000000000e+02 3.808469131257534741e+02
1.665254237288135641e+02 3.806363868099639944e+02
1.660000000000000000e+02 3.805128808338683939e+02
1.650000000000000000e+02 3.802561784766306801e+02
1.640000000000000000e+02 3.799045027519929931e+02
1.634218750000000000e+02 3.796363868099639944e+02
1.630000000000000000e+02 3.795266307124030050e+02
1.620000000000000000e+02 3.792330718928369606e+02
1.610000000000000000e+02 3.787989884359802772e+02
1.606923076923076792e+02 3.786363868099639944e+02
1.600000000000000000e+02 3.784336841072612856e+02
1.590000000000000000e+02 3.780546874635587642e+02
1.582558139534883708e+02 3.776363868099639944e+02
1.580000000000000000e+02 3.775511154921344996e+02
1.570000000000000000e+02 3.772070389838770552e+02
1.560000000000000000e+02 3.766863868099640058e+02
1.559142857142857110e+02 3.766363868099639944e+02
1.550000000000000000e+02 3.763316249052020908e+02
1.540000000000000000e+02 3.758827636215581833e+02
1.535696202531645440e+02 3.756363868099639944e+02
1.530000000000000000e+02 3.754345930879908906e+02
1.520000000000000000e+02 3.749901283065626103e+02
1.514022988505747094e+02 3.746363868099639944e+02
1.510000000000000000e+02 3.744842128969205532e+02
1.500000000000000000e+02 3.740311236520692546e+02
1.493478260869565588e+02 3.736363868099639944e+02
1.490000000000000000e+02 3.734978586714358926e+02
1.480000000000000000e+02 3.730567689755690708e+02
1.472747252747253128e+02 3.726363868099639944e+02
1.470000000000000000e+02 3.725326523701299948e+02
1.460000000000000000e+02 3.721393453898456301e+02
1.451237113402061709e+02 3.716363868099639944e+02
1.450000000000000000e+02 3.715879997131897881e+02
1.440000000000000000e+02 3.711977903187358834e+02
1.430588235294117680e+02 3.706363868099639944e+02
1.430000000000000000e+02 3.706108548950703607e+02
1.420000000000000000e+02 3.701527266792450064e+02
1.412685185185185333e+02 3.696363868099639944e+02
1.410000000000000000e+02 3.694995943571337875e+02
1.400000000000000000e+02 3.689050435263819168e+02
1.396250000000000000e+02 3.686363868099639944e+02
1.390000000000000000e+02 3.683205973362797749e+02
1.380000000000000000e+02 3.676363868099639944e+02
1.370000000000000000e+02 3.671212352948124931e+02
1.363277310924369772e+02 3.666363868099639944e+02
1.360000000000000000e+02 3.664574877273951756e+02
1.350000000000000000e+02 3.658334671019347866e+02
1.347216494845360444e+02 3.656363868099639944e+02
1.340000000000000000e+02 3.652559520273553062e+02
1.331093750000000000e+02 3.646363868099639944e+02
1.330000000000000000e+02 3.645792439528211162e+02
1.320000000000000000e+02 3.640623127358899183e+02
1.313727272727272748e+02 3.636363868099639944e+02
1.310000000000000000e+02 3.634465719951491565e+02
1.300000000000000000e+02 3.628168379377835322e+02
1.297599999999999909e+02 3.626363868099639944e+02
1.290000000000000000e+02 3.622021010956782447e+02
1.282325581395348877e+02 3.616363868099639944e+02
1.280000000000000000e+02 3.614987721310649249e+02
1.270000000000000000e+02 3.608496221040816181e+02
1.267100000000000080e+02 3.606363868099639944e+02
1.260000000000000000e+02 3.602283408329525400e+02
1.251760000000000161e+02 3.596363868099639944e+02
1.250000000000000000e+02 3.595354693787713245e+02
1.240000000000000000e+02 3.589363868099640058e+02
1.235922330097087638e+02 3.586363868099639944e+02
1.230000000000000000e+02 3.582689169304459256e+02
1.222045454545454675e+02 3.576363868099639944e+02
1.220000000000000000e+02 3.574979252715024813e+02
1.210000000000000000e+02 3.567474979210751371e+02
1.208602150537634259e+02 3.566363868099639944e+02
1.200000000000000000e+02 3.560608472416186601e+02
1.194869565217391596e+02 3.556363868099639944e+02
1.190000000000000000e+02 3.552928285277554323e+02
1.182132352941176237e+02 3.546363868099639944e+02
1.180000000000000000e+02 3.544813065960602216e+02
1.170125000000000171e+02 3.536363868099639944e+02
1.170000000000000000e+02 3.536266780720999350e+02
1.160000000000000000e+02 3.528558990050859165e+02
1.157452830188679513e+02 3.526363868099639944e+02
1.150000000000000000e+02 3.520761031220207542e+02
1.144833333333333201e+02 3.516363868099639944e+02
1.140000000000000000e+02 3.512597634333405949e+02
1.132992700729926696e+02 3.506363868099639944e+02
1.130000000000000000e+02 3.503923391909163456e+02
1.121753246753247026e+02 3.496363868099639944e+02
1.120000000000000000e+02 3.494896476795291846e+02
1.110542168674698473e+02 3.486363868099639944e+02
1.110000000000000000e+02 3.485913868099639785e+02
1.100000000000000000e+02 3.477407346360509450e+02
1.098857142857142719e+02 3.476363868099639944e+02
1.090000000000000000e+02 3.468740917279967562e+02
1.087521367521367779e+02 3.466363868099639944e+02
1.080000000000000000e+02 3.459488868099639944e+02
1.076774193548386904e+02 3.456363868099639944e+02
1.070000000000000000e+02 3.449902329638101719e+02
1.066377952755905767e+02 3.446363868099639944e+02
1.060000000000000000e+02 3.440133098868871002e+02
1.056201550387597194e+02 3.436363868099639944e+02
1.050000000000000000e+02 3.430162317712042750e+02
1.046141732283464876e+02 3.426363868099639944e+02
1.040000000000000000e+02 3.420123868099640276e+02
1.036147540983606348e+02 3.416363868099639944e+02
1.030000000000000000e+02 3.409898350858260301e+02
1.026611570247933685e+02 3.406363868099639944e+02
1.020000000000000000e+02 3.399091140826913033e+02
1.017540983606557177e+02 3.396363868099639944e+02
1.010000000000000000e+02 3.387601963337734787e+02
1.008888888888888573e+02 3.386363868099639944e+02
1.000408163265306314e+02 3.376363868099639944e+02
1.000000000000000000e+02 3.375860723445551912e+02
9.917032967032963597e+01 3.366363868099639944e+02
9.900000000000000000e+01 3.364211090321862230e+02
9.829813664596275657e+01 3.356363868099639944e+02
9.800000000000000000e+01 3.352699745962235056e+02
9.741958041958042713e+01 3.346363868099639944e+02
9.700000000000000000e+01 3.341006725242497168e+02
9.660305343511453202e+01 3.336363868099639944e+02
9.600000000000000000e+01 3.327776911577900592e+02
9.588392857142855519e+01 3.326363868099639944e+02
9.515168539325844677e+01 3.316363868099639944e+02
9.500000000000000000e+01 3.313931435667207097e+02
9.442068965517239576e+01 3.306363868099639944e+02
9.400000000000000000e+01 3.299187397511404924e+02
9.379130434782609882e+01 3.296363868099639944e+02
9.316184971098266487e+01 3.286363868099639944e+02
9.300000000000000000e+01 3.283563868099639649e+02
9.246268656716421219e+01 3.276363868099639944e+02
9.200000000000000000e+01 3.268802892489883902e+02
9.181132075471697362e+01 3.266363868099639944e+02
9.115853658536588000e+01 3.256363868099639944e+02
9.100000000000000000e+01 3.253474979210751030e+02
9.050387596899224718e+01 3.246363868099639944e+02
9.000000000000000000e+01 3.236515383251154958e+02
8.998947368421050896e+01 3.236363868099639944e+02
8.936301369863014088e+01 3.226363868099639944e+02
8.900000000000000000e+01 3.217065622485604877e+02
8.896078431372546902e+01 3.216363868099639944e+02
8.845517241379309326e+01 3.206363868099639944e+02
8.808994708994708844e+01 3.196363868099639944e+02
8.800000000000000000e+01 3.194156075891847877e+02
8.754545454545456096e+01 3.186363868099639944e+02
8.703314917127073613e+01 3.176363868099639944e+02
8.700000000000000000e+01 3.175732289152271619e+02
8.638620689655175511e+01 3.166363868099639944e+02
8.600000000000000000e+01 3.157879019614791787e+02
8.591379310344825626e+01 3.156363868099639944e+02
8.540372670807454369e+01 3.146363868099639944e+02
8.501449275362318758e+01 3.136363868099639944e+02
8.500000000000000000e+01 3.135993497729269848e+02
8.450943396226415416e+01 3.126363868099639944e+02
8.413793103448273314e+01 3.116363868099639944e+02
8.400000000000000000e+01 3.112528251661283889e+02
8.369594594594593673e+01 3.106363868099639944e+02
8.325263157894738697e+01 3.096363868099639944e+02
8.300000000000000000e+01 3.090210021945794097e+02
8.277777777777777146e+01 3.086363868099639944e+02
8.227027027027025952e+01 3.076363868099639944e+02
8.200000000000000000e+01 3.070034754175588887e+02
8.178358208955222608e+01 3.066363868099639944e+02
8.127956989247314823e+01 3.056363868099639944e+02
8.100000000000000000e+01 3.049610621346392918e+02
8.082394366197183899e+01 3.046363868099639944e+02
8.035937500000000000e+01 3.036363868099639944e+02
8.000000000000000000e+01 3.027039543775315451e+02
7.996551724137930250e+01 3.026363868099639944e+02
7.942105263157895934e+01 3.016363868099639944e+02
7.900000000000000000e+01 3.006487324889763499e+02
7.899290780141842561e+01 3.006363868099639944e+02
7.848108108108107217e+01 2.996363868099639944e+02
7.811255411255410763e+01 2.986363868099639944e+02
7.800000000000000000e+01 2.983072728859133349e+02
7.769714285714286461e+01 2.976363868099639944e+02
7.733027522935782372e+01 2.966363868099639944e+02
7.703773584905661664e+01 2.956363868099639944e+02
7.700000000000000000e+01 2.955081816817588560e+02
7.664948453608246837e+01 2.946363868099639944e+02
7.631799163179914558e+01 2.936363868099639944e+02
7.605653710247349863e+01 2.926363868099639944e+02
7.600000000000000000e+01 2.924045027519929931e+02
7.571505376344083516e+01 2.916363868099639944e+02
7.540888888888889596e+01 2.906363868099639944e+02
7.517602996254680647e+01 2.896363868099639944e+02
7.500000000000000000e+01 2.888118254064552275e+02
7.493827160493827932e+01 2.886363868099639944e+02
7.456000000000000227e+01 2.876363868099639944e+02
7.425104602510458562e+01 2.866363868099639944e+02
7.401824817518246391e+01 2.856363868099639944e+02
7.400000000000000000e+01 2.855454777190549294e+02
7.369696969696968836e+01 2.846363868099639944e+02
7.346113989637302666e+01 2.836363868099639944e+02
7.327314814814815236e+01 2.826363868099639944e+02
7.310729613733906262e+01 2.816363868099639944e+02
7.300000000000000000e+01 2.809010926923169222e+02
7.292500000000001137e+01 2.806363868099639944e+02
7.272794117647060830e+01 2.796363868099639944e+02
7.260135135135135442e+01 2.786363868099639944e+02
7.250000000000000000e+01 2.776363868099639944e+02
7.241317365269463835e+01 2.766363868099639944e+02
7.234883720930230311e+01 2.756363868099639944e+02
7.230898876404495468e+01 2.746363868099639944e+02
7.229508196721309332e+01 2.736363868099639944e+02
7.232417582417582480e+01 2.726363868099639944e+02
7.236000000000001364e+01 2.716363868099639944e+02
7.239393939393937671e+01 2.706363868099639944e+02
7.240384615384613198e+01 2.696363868099639944e+02
7.240259740259739374e+01 2.686363868099639944e+02
7.240131578947369917e+01 2.676363868099639944e+02
7.240522875816992610e+01 2.666363868099639944e+02
7.238961038961036820e+01 2.656363868099639944e+02
7.237662337662339951e+01 2.646363868099639944e+02
7.238157894736843900e+01 2.636363868099639944e+02
7.244137931034481426e+01 2.626363868099639944e+02
7.252554744525548358e+01 2.616363868099639944e+02
7.260156250000000000e+01 2.606363868099639944e+02
7.267796610169494897e+01 2.596363868099639944e+02
7.280769230769232081e+01 2.586363868099639944e+02
7.297826086956519021e+01 2.576363868099639944e+02
7.300000000000000000e+01 2.574825406561178625e+02
7.306111111111113132e+01 2.566363868099639944e+02
7.314367816091953500e+01 2.556363868099639944e+02
7.326190476190475920e+01 2.546363868099639944e+02
7.337654320987655865e+01 2.536363868099639944e+02
7.343949044585986030e+01 2.526363868099639944e+02
7.345695364238412139e+01 2.516363868099639944e+02
7.349655172413793025e+01 2.506363868099639944e+02
7.356834532374102764e+01 2.496363868099639944e+02
7.362686567164178086e+01 2.486363868099639944e+02
7.362878787878787534e+01 2.476363868099639944e+02
7.361068702290077681e+01 2.466363868099639944e+02
7.355000000000001137e+01 2.456363868099639944e+02
7.343870967741935374e+01 2.446363868099639944e+02
7.330813953488370771e+01 2.436363868099639944e+02
7.315706806282724983e+01 2.426363868099639944e+02
7.300000000000000000e+01 2.416686448744801510e+02
7.298936170212766683e+01 2.416363868099639944e+02
7.264406779661015889e+01 2.406363868099639944e+02
7.236301369863014088e+01 2.396363868099639944e+02
7.216184971098266487e+01 2.386363868099639944e+02
7.204591836734692833e+01 2.376363868099639944e+02
7.200000000000000000e+01 2.368863868099639944e+02
7.196703296703293518e+01 2.366363868099639944e+02
7.191752577319590500e+01 2.356363868099639944e+02
7.197938144329896204e+01 2.346363868099639944e+02
7.200000000000000000e+01 2.344825406561178625e+02
7.204761904761903679e+01 2.336363868099639944e+02
7.209821428571427759e+01 2.326363868099639944e+02
7.215566037735851523e+01 2.316363868099639944e+02
7.223195876288656336e+01 2.306363868099639944e+02
7.235882352941177942e+01 2.296363868099639944e+02
7.255633802816902289e+01 2.286363868099639944e+02
7.278813559322031779e+01 2.276363868099639944e+02
7.293333333333333712e+01 2.266363868099639944e+02
7.295049504950492292e+01 2.256363868099639944e+02
7.292156862745099488e+01 2.246363868099639944e+02
7.290566037735851523e+01 2.236363868099639944e+02
7.286842105263156100e+01 2.226363868099639944e+02
7.278125000000000000e+01 2.216363868099639944e+02
7.265333333333336441e+01 2.206363868099639944e+02
7.250574712643680186e+01 2.196363868099639944e+02
7.235025380710658283e+01 2.186363868099639944e+02
7.222429906542055278e+01 2.176363868099639944e+02
7.215315315315314137e+01 2.166363868099639944e+02
7.212000000000000455e+01 2.156363868099639944e+02
7.209954751131220974e+01 2.146363868099639944e+02
7.209813084112147408e+01 2.136363868099639944e+02
7.212871287128712083e+01 2.126363868099639944e+02
7.220320855614971833e+01 2.116363868099639944e+02
7.233333333333331439e+01 2.106363868099639944e+02
7.252287581699346219e+01 2.096363868099639944e+02
7.273333333333334849e+01 2.086363868099639944e+02
7.297391304347826235e+01 2.076363868099639944e+02
7.300000000000000000e+01 2.075396126164155817e+02
7.313084112149533667e+01 2.066363868099639944e+02
7.327748691099475309e+01 2.056363868099639944e+02
7.346060606060603959e+01 2.046363868099639944e+02
7.371014492753624836e+01 2.036363868099639944e+02
7.400000000000000000e+01 2.027474979210750803e+02
7.402092050209205354e+01 2.026363868099639944e+02
7.420952380952383010e+01 2.016363868099639944e+02
7.443093922651934236e+01 2.006363868099639944e+02
7.469798657718121149e+01 1.996363868099639944e+02
7.500000000000000000e+01 1.987710021945793528e+02
7.503004291845496709e+01 1.986363868099639944e+02
7.528795811518324399e+01 1.976363868099639944e+02
7.562091503267976123e+01 1.966363868099639944e+02
7.600000000000000000e+01 1.957009029389962507e+02
7.601754385964915173e+01 1.956363868099639944e+02
7.627748691099475309e+01 1.946363868099639944e+02
7.657961783439492365e+01 1.936363868099639944e+02
7.692857142857144481e+01 1.926363868099639944e+02
7.700000000000000000e+01 1.924113868099639717e+02
7.715577889447234838e+01 1.916363868099639944e+02
7.739130434782606471e+01 1.906363868099639944e+02
7.770078740157481434e+01 1.896363868099639944e+02
7.800000000000000000e+01 1.888447201432973088e+02
7.805128205128204399e+01 1.886363868099639944e+02
7.829374999999998863e+01 1.876363868099639944e+02
7.863999999999998636e+01 1.866363868099639944e+02
7.900000000000000000e+01 1.858986818919312327e+02
7.908556149732618223e+01 1.856363868099639944e+02
7.944827586206895376e+01 1.846363868099639944e+02
7.996116504854370532e+01 1.836363868099639944e+02
8.000000000000000000e+01 1.835649582385354392e+02
8.034666666666663559e+01 1.826363868099639944e+02
8.086915887850466333e+01 1.816363868099639944e+02
8.100000000000000000e+01 1.814242655978428047e+02
8.135135135135135442e+01 1.806363868099639944e+02
8.199000000000000909e+01 1.796363868099639944e+02
8.200000000000000000e+01 1.796216809276110666e+02
8.248550724637681242e+01 1.786363868099639944e+02
8.300000000000000000e+01 1.779044280470773742e+02
8.314689265536725316e+01 1.776363868099639944e+02
8.375423728813558455e+01 1.766363868099639944e+02
8.400000000000000000e+01 1.762692982023690433e+02
8.430864197530866022e+01 1.756363868099639944e+02
8.489622641509430423e+01 1.746363868099639944e+02
8.500000000000000000e+01 1.744746221040816181e+02
8.538775510204078500e+01 1.736363868099639944e+02
8.600000000000000000e+01 1.726988868099639944e+02
8.603225806451615654e+01 1.726363868099639944e+02
8.656799999999998363e+01 1.716363868099639944e+02
8.700000000000000000e+01 1.710363868099639717e+02
8.724161073825501944e+01 1.706363868099639944e+02
8.800000000000000000e+01 1.696787596913199536e+02
8.802890173410406760e+01 1.696363868099639944e+02
8.874766355140189944e+01 1.686363868099639944e+02
8.900000000000000000e+01 1.683295686281458075e+02
8.947656250000000000e+01 1.676363868099639944e+02
9.000000000000000000e+01 1.669921560407332208e+02
9.025874125874128140e+01 1.666363868099639944e+02
9.100000000000000000e+01 1.657951169686941739e+02
9.112903225806451246e+01 1.656363868099639944e+02
9.200000000000000000e+01 1.646721010956782720e+02
9.202958579881658352e+01 1.646363868099639944e+02
9.284693877551018204e+01 1.636363868099639944e+02
9.300000000000000000e+01 1.634619682053128145e+02
9.366981132075471805e+01 1.626363868099639944e+02
9.400000000000000000e+01 1.622679657573324334e+02
9.451724137931034875e+01 1.616363868099639944e+02
9.500000000000000000e+01 1.611080849231715320e+02
9.540983606557375651e+01 1.606363868099639944e+02
9.600000000000000000e+01 1.600210021945793528e+02
9.634615384615386802e+01 1.596363868099639944e+02
9.700000000000000000e+01 1.589509029389962507e+02
9.729770992366411519e+01 1.586363868099639944e+02
9.800000000000000000e+01 1.579176368099639944e+02
9.828125000000000000e+01 1.576363868099639944e+02
9.900000000000000000e+01 1.569176368099639944e+02
9.928800000000001091e+01 1.566363868099639944e+02
1.000000000000000000e+02 1.559464643293438257e+02
1.003389830508474745e+02 1.556363868099639944e+02
1.010000000000000000e+02 1.550173391909164025e+02
1.014324324324324209e+02 1.546363868099639944e+02
1.020000000000000000e+02 1.541323868099639753e+02
1.025961538461538680e+02 1.536363868099639944e+02
1.030000000000000000e+02 1.532774124509896296e+02
1.037653061224489761e+02 1.526363868099639944e+02
1.040000000000000000e+02 1.524152329638101264e+02
1.049000000000000341e+02 1.516363868099639944e+02
1.050000000000000000e+02 1.515426368099639944e+02
1.060000000000000000e+02 1.507010926923169336e+02
1.060808823529411882e+02 1.506363868099639944e+02
1.070000000000000000e+02 1.498402084660149285e+02
1.072580645161290533e+02 1.496363868099639944e+02
1.080000000000000000e+02 1.489930301666073547e+02
1.084678899082568648e+02 1.486363868099639944e+02
1.090000000000000000e+02 1.481760693496465251e+02
1.097391304347825951e+02 1.476363868099639944e+02
1.100000000000000000e+02 1.474162033237254832e+02
1.110000000000000000e+02 1.467066570802342653e+02
1.111083333333333201e+02 1.466363868099639944e+02
1.120000000000000000e+02 1.459460642293188357e+02
1.125161290322580783e+02 1.456363868099639944e+02
1.130000000000000000e+02 1.452734835841575318e+02
1.140000000000000000e+02 1.446732289152271278e+02
1.140588235294117680e+02 1.446363868099639944e+02
1.150000000000000000e+02 1.439407346360509337e+02
1.154666666666666401e+02 1.436363868099639944e+02
1.160000000000000000e+02 1.431988868099639944e+02
1.168674698795180689e+02 1.426363868099639944e+02
1.170000000000000000e+02 1.425274759188748703e+02
1.180000000000000000e+02 1.418187397511404697e+02
1.183163265306122582e+02 1.416363868099639944e+02
1.190000000000000000e+02 1.411473357150734955e+02
1.200000000000000000e+02 1.406413129183383717e+02
1.200109890109889932e+02 1.406363868099639944e+02
1.210000000000000000e+02 1.400241419120048363e+02
1.220000000000000000e+02 1.397419423655195487e+02
1.230000000000000000e+02 1.397428956857036155e+02
1.240000000000000000e+02 1.401842128969205419e+02
1.244444444444444287e+02 1.406363868099639944e+02
1.250000000000000000e+02 1.414916499678587343e+02
1.250982142857143060e+02 1.416363868099639944e+02
1.255950920245398663e+02 1.426363868099639944e+02
1.258620689655172669e+02 1.436363868099639944e+02
1.260000000000000000e+02 1.442586090321862002e+02
1.261603773584905639e+02 1.446363868099639944e+02
1.265179856115108237e+02 1.456363868099639944e+02
1.268154761904761756e+02 1.466363868099639944e+02
1.270000000000000000e+02 1.473252756988528631e+02
1.271250000000000000e+02 1.476363868099639944e+02
1.274413793103448427e+02 1.486363868099639944e+02
1.276988636363636545e+02 1.496363868099639944e+02
1.279377990430621708e+02 1.506363868099639944e+02
1.280000000000000000e+02 1.509784920731219131e+02
1.281865671641791096e+02 1.516363868099639944e+02
1.282916666666666856e+02 1.526363868099639944e+02
1.282105263157894797e+02 1.536363868099639944e+02
1.280000000000000000e+02 1.543363868099639831e+02
1.279396984924623268e+02 1.546363868099639944e+02
1.275555555555555713e+02 1.556363868099639944e+02
1.270000000000000000e+02 1.564444676180448255e+02
1.268733333333333348e+02 1.566363868099639944e+02
1.260638297872340274e+02 1.576363868099639944e+02
1.260000000000000000e+02 1.577053523272053894e+02
1.250240963855421512e+02 1.586363868099639944e+02
1.250000000000000000e+02 1.586576634057086608e+02
1.240000000000000000e+02 1.594532882184146843e+02
1.237204301075268518e+02 1.596363868099639944e+02
1.230000000000000000e+02 1.601681328417100190e+02
1.222133333333333098e+02 1.606363868099639944e+02
1.220000000000000000e+02 1.607873302061904042e+02
1.210000000000000000e+02 1.614627756988529086e+02
1.207311827956989134e+02 1.616363868099639944e+02
1.200000000000000000e+02 1.621892323384192878e+02
1.193678160919540403e+02 1.626363868099639944e+02
1.190000000000000000e+02 1.629299647916153617e+02
1.180000000000000000e+02 1.636037070714019137e+02
1.179479166666666572e+02 1.636363868099639944e+02
1.170000000000000000e+02 1.643104608840380934e+02
1.164430379746835627e+02 1.646363868099639944e+02
1.160000000000000000e+02 1.649574877273951756e+02
1.150000000000000000e+02 1.655944287680059688e+02
1.149340659340659272e+02 1.656363868099639944e+02
1.140000000000000000e+02 1.663691454306536457e+02
1.136630434782608745e+02 1.666363868099639944e+02
1.130000000000000000e+02 1.672286198196727582e+02
1.125714285714285836e+02 1.676363868099639944e+02
1.120000000000000000e+02 1.682020433756205762e+02
1.116386554621848575e+02 1.686363868099639944e+02
1.110000000000000000e+02 1.694280534766306801e+02
1.108639455782312666e+02 1.696363868099639944e+02
1.102500000000000000e+02 1.706363868099639944e+02
1.100000000000000000e+02 1.710078153813925610e+02
1.096173913043477910e+02 1.716363868099639944e+02
1.090000000000000000e+02 1.724716809276110325e+02
1.088906250000000000e+02 1.726363868099639944e+02
1.081739130434782794e+02 1.736363868099639944e+02
1.080000000000000000e+02 1.738617389226400292e+02
1.075258620689655231e+02 1.746363868099639944e+02
1.070000000000000000e+02 1.753988868099639831e+02
1.068680555555555713e+02 1.756363868099639944e+02
1.062815533980582643e+02 1.766363868099639944e+02
1.060000000000000000e+02 1.770336470839366143e+02
1.056666666666666572e+02 1.776363868099639944e+02
1.050000000000000000e+02 1.786034197769969865e+02
1.049818181818181699e+02 1.786363868099639944e+02
1.044552845528455407e+02 1.796363868099639944e+02
1.040000000000000000e+02 1.803636595372367424e+02
1.038742514970060142e+02 1.806363868099639944e+02
1.033750000000000000e+02 1.816363868099639944e+02
1.030000000000000000e+02 1.821785554846628088e+02
1.027532467532467706e+02 1.826363868099639944e+02
1.020873786407767057e+02 1.836363868099639944e+02
1.020000000000000000e+02 1.837596744811968961e+02
1.015187969924811853e+02 1.846363868099639944e+02
1.010000000000000000e+02 1.853863868099639944e+02
1.008588957055214621e+02 1.856363868099639944e+02
1.002946428571428328e+02 1.866363868099639944e+02
1.000000000000000000e+02 1.870884416044845580e+02
9.970588235294115975e+01 1.876363868099639944e+02
9.900000000000000000e+01 1.886159786466986930e+02
9.898750000000001137e+01 1.886363868099639944e+02
9.839473684210526017e+01 1.896363868099639944e+02
9.800000000000000000e+01 1.902060070631285384e+02
9.775886524822698220e+01 1.906363868099639944e+02
9.711458333333331439e+01 1.916363868099639944e+02
9.700000000000000000e+01 1.918005659144416200e+02
9.656250000000000000e+01 1.926363868099639944e+02
9.600000000000000000e+01 1.934834456334934316e+02
9.591719745222928850e+01 1.936363868099639944e+02
9.536936936936939446e+01 1.946363868099639944e+02
9.500000000000000000e+01 1.952221010956782834e+02
9.479432624113474048e+01 1.956363868099639944e+02
9.426732673267326845e+01 1.966363868099639944e+02
9.400000000000000000e+01 1.970718706809317382e+02
9.375352112676057459e+01 1.976363868099639944e+02
9.331531531531533119e+01 1.986363868099639944e+02
9.300000000000000000e+01 1.993094637330409000e+02
9.289171974522292885e+01 1.996363868099639944e+02
9.257480314960628220e+01 2.006363868099639944e+02
9.221359223300970598e+01 2.016363868099639944e+02
9.200000000000000000e+01 2.022004893740665352e+02
9.189506172839509190e+01 2.026363868099639944e+02
9.169863013698630994e+01 2.036363868099639944e+02
9.149618320610687761e+01 2.046363868099639944e+02
9.127350427350427253e+01 2.056363868099639944e+02
9.103846153846154721e+01 2.066363868099639944e+02
9.100000000000000000e+01 2.067963868099640194e+02
9.087999999999999545e+01 2.076363868099639944e+02
9.076470588235292780e+01 2.086363868099639944e+02
9.067073170731708842e+01 2.096363868099639944e+02
9.055844155844152965e+01 2.106363868099639944e+02
9.036231884057968955e+01 2.116363868099639944e+02
9.004310344827587187e+01 2.126363868099639944e+02
9.000000000000000000e+01 2.127450824621379297e+02
8.977595628415298279e+01 2.136363868099639944e+02
8.945695364238412139e+01 2.146363868099639944e+02
8.905982905982904185e+01 2.156363868099639944e+02
8.900000000000000000e+01 2.157763868099639808e+02
8.875842696629212014e+01 2.166363868099639944e+02
8.835606060606062329e+01 2.176363868099639944e+02
8.800000000000000000e+01 2.182389509125280824e+02
8.783854166666668561e+01 2.186363868099639944e+02
8.737410071942446166e+01 2.196363868099639944e+02
8.700000000000000000e+01 2.202481515158463594e+02
8.682446808510638903e+01 2.206363868099639944e+02
8.628125000000000000e+01 2.216363868099639944e+02
8.600000000000000000e+01 2.220649582385354392e+02
8.572254335260112157e+01 2.226363868099639944e+02
8.517796610169494897e+01 2.236363868099639944e+02
8.500000000000000000e+01 2.239407346360509337e+02
8.471257485029940426e+01 2.246363868099639944e+02
8.422321428571427759e+01 2.256363868099639944e+02
8.400000000000000000e+01 2.260332122067894147e+02
8.377245508982036881e+01 2.266363868099639944e+02
8.336752136752136266e+01 2.276363868099639944e+02
8.300000000000000000e+01 2.283299351970607631e+02
8.289784946236557062e+01 2.286363868099639944e+02
8.259999999999996589e+01 2.296363868099639944e+02
8.231034482758622062e+01 2.306363868099639944e+02
8.205208333333331439e+01 2.316363868099639944e+02
8.200000000000000000e+01 2.319488868099639944e+02
8.194954128440366503e+01 2.326363868099639944e+02
8.196713615023475086e+01 2.336363868099639944e+02
8.200000000000000000e+01 2.339056175791947680e+02
8.219191919191922580e+01 2.346363868099639944e+02
8.262015503875971945e+01 2.356363868099639944e+02
8.300000000000000000e+01 2.364530534766306573e+02
8.312790697674421381e+01 2.366363868099639944e+02
8.383333333333331439e+01 2.376363868099639944e+02
8.400000000000000000e+01 2.378575406561178625e+02
8.466393442622950261e+01 2.386363868099639944e+02
8.500000000000000000e+01 2.390125335989548034e+02
8.559130434782611019e+01 2.396363868099639944e+02
8.600000000000000000e+01 2.400675794705144313e+02
8.656363636363636260e+01 2.406363868099639944e+02
8.700000000000000000e+01 2.411069750452581388e+02
8.752941176470591245e+01 2.416363868099639944e+02
8.800000000000000000e+01 2.422078153813925496e+02
8.836734693877548352e+01 2.426363868099639944e+02
8.890196078431375781e+01 2.436363868099639944e+02
8.900000000000000000e+01 2.439425092589435735e+02
8.928813559322031779e+01 2.446363868099639944e+02
8.951798561151082367e+01 2.456363868099639944e+02
8.962000000000000455e+01 2.466363868099639944e+02
8.961073825503353874e+01 2.476363868099639944e+02
8.951798561151082367e+01 2.486363868099639944e+02
8.939370078740154213e+01 2.496363868099639944e+02
8.929661016949154373e+01 2.506363868099639944e+02
8.918691588785048907e+01 2.516363868099639944e+02
8.902105263157892523e+01 2.526363868099639944e+02
8.900000000000000000e+01 2.527474979210750803e+02
8.890123456790121281e+01 2.536363868099639944e+02
8.884810126582277690e+01 2.546363868099639944e+02
8.884756097560972421e+01 2.556363868099639944e+02
8.886206896551726686e+01 2.566363868099639944e+02
8.889010989010989761e+01 2.576363868099639944e+02
8.891534391534389670e+01 2.586363868099639944e+02
8.893229166666668561e+01 2.596363868099639944e+02
8.891578947368424224e+01 2.606363868099639944e+02
8.884916201117317769e+01 2.616363868099639944e+02
8.873170731707318737e+01 2.626363868099639944e+02
8.854609929078014829e+01 2.636363868099639944e+02
8.829166666666668561e+01 2.646363868099639944e+02
8.801960784313723707e+01 2.656363868099639944e+02
8.800000000000000000e+01 2.657416499678587343e+02
8.790710382513663035e+01 2.666363868099639944e+02
8.782248520710061257e+01 2.676363868099639944e+02
8.773717948717950321e+01 2.686363868099639944e+02
8.763888888888885731e+01 2.696363868099639944e+02
8.756617647058823195e+01 2.706363868099639944e+02
8.752631578947369917e+01 2.716363868099639944e+02
8.751879699248121369e+01 2.726363868099639944e+02
8.759859154929580427e+01 2.736363868099639944e+02
8.773885350318471410e+01 2.746363868099639944e+02
8.789714285714285325e+01 2.756363868099639944e+02
8.800000000000000000e+01 2.763286945022716736e+02
8.807692307692309441e+01 2.766363868099639944e+02
8.828070175438597289e+01 2.776363868099639944e+02
8.846031746031746934e+01 2.786363868099639944e+02
8.862676056338028729e+01 2.796363868099639944e+02
8.883850931677017115e+01 2.806363868099639944e+02
8.900000000000000000e+01 2.813030534766306801e+02
8.912621359223300033e+01 2.816363868099639944e+02
8.948799999999999955e+01 2.826363868099639944e+02
8.976666666666665151e+01 2.836363868099639944e+02
9.000000000000000000e+01 2.845574394415429538e+02
9.003030303030305959e+01 2.846363868099639944e+02
9.042276422764228982e+01 2.856363868099639944e+02
9.072847682119203228e+01 2.866363868099639944e+02
9.095555555555557703e+01 2.876363868099639944e+02
9.100000000000000000e+01 2.878268630004401984e+02
9.129310344827587187e+01 2.886363868099639944e+02
9.165277777777777146e+01 2.896363868099639944e+02
9.196571428571428442e+01 2.906363868099639944e+02
9.200000000000000000e+01 2.907398350858260301e+02
9.242975206611566819e+01 2.916363868099639944e+02
9.278064516129035155e+01 2.926363868099639944e+02
9.300000000000000000e+01 2.933755172447465611e+02
9.311538461538458478e+01 2.936363868099639944e+02
9.352671755725191360e+01 2.946363868099639944e+02
9.390797546012271368e+01 2.956363868099639944e+02
9.400000000000000000e+01 2.958447201432973088e+02
9.446721311475408811e+01 2.966363868099639944e+02
9.494545454545453822e+01 2.976363868099639944e+02
9.500000000000000000e+01 2.977488868099640058e+02
9.554198473282446002e+01 2.986363868099639944e+02
9.600000000000000000e+01 2.995454777190549294e+02
9.606122448979590445e+01 2.996363868099639944e+02
9.673188405797100131e+01 3.006363868099639944e+02
9.700000000000000000e+01 3.011169062904834846e+02
9.736036036036034602e+01 3.016363868099639944e+02
9.791447368421052033e+01 3.026363868099639944e+02
9.800000000000000000e+01 3.027911487147258640e+02
9.855468750000000000e+01 3.036363868099639944e+02
9.900000000000000000e+01 3.044506725242497396e+02
9.912745098039215463e+01 3.046363868099639944e+02
9.979333333333335077e+01 3.056363868099639944e+02
1.000000000000000000e+02 3.059927086490444594e+02
1.004590163934425959e+02 3.066363868099639944e+02
1.010000000000000000e+02 3.075929085490944317e+02
1.010312500000000000e+02 3.076363868099639944e+02
1.017183098591549140e+02 3.086363868099639944e+02
1.020000000000000000e+02 3.091558673294445043e+02
1.023189655172413666e+02 3.096363868099639944e+02
1.028682634730538723e+02 3.106363868099639944e+02
1.030000000000000000e+02 3.108922007634523652e+02
1.034671532846715252e+02 3.116363868099639944e+02
1.039682539682539471e+02 3.126363868099639944e+02
1.040000000000000000e+02 3.127002165971980503e+02
1.046068965517241054e+02 3.136363868099639944e+02
1.050000000000000000e+02 3.144280534766306801e+02
1.051415094339622840e+02 3.146363868099639944e+02
1.057483870967741950e+02 3.156363868099639944e+02
1.060000000000000000e+02 3.161178682914454612e+02
1.063559322033898127e+02 3.166363868099639944e+02
1.069171597633135775e+02 3.176363868099639944e+02
1.070000000000000000e+02 3.177837552310165847e+02
1.076136363636363455e+02 3.186363868099639944e+02
1.080000000000000000e+02 3.193163868099640013e+02
1.082424242424242493e+02 3.196363868099639944e+02
1.089047619047618696e+02 3.206363868099639944e+02
1.090000000000000000e+02 3.207778009513781399e+02
1.097024793388429771e+02 3.216363868099639944e+02
1.100000000000000000e+02 3.220408811919865002e+02
1.104818181818181699e+02 3.226363868099639944e+02
1.110000000000000000e+02 3.233579057973057616e+02
1.112315789473684333e+02 3.236363868099639944e+02
1.119931034482758605e+02 3.246363868099639944e+02
1.120000000000000000e+02 3.246449338185109923e+02
1.128656716417910388e+02 3.256363868099639944e+02
1.130000000000000000e+02 3.258015244246429347e+02
1.137222222222222285e+02 3.266363868099639944e+02
1.140000000000000000e+02 3.269795240648659274e+02
1.145877192982456449e+02 3.276363868099639944e+02
1.150000000000000000e+02 3.281159786466986930e+02
1.154857142857142946e+02 3.286363868099639944e+02
1.160000000000000000e+02 3.292170319712543005e+02
1.163786407766990010e+02 3.296363868099639944e+02
1.170000000000000000e+02 3.303474979210751030e+02
1.172736842105263122e+02 3.306363868099639944e+02
1.180000000000000000e+02 3.313863868099639944e+02
1.182446808510638334e+02 3.316363868099639944e+02
1.190000000000000000e+02 3.323998276701790360e+02
1.192340425531914718e+02 3.326363868099639944e+02
1.200000000000000000e+02 3.333636595372366855e+02
1.202783505154639272e+02 3.336363868099639944e+02
1.210000000000000000e+02 3.343810676610278279e+02
1.212376237623762165e+02 3.346363868099639944e+02
1.220000000000000000e+02 3.355214442812283551e+02
1.221041666666666572e+02 3.356363868099639944e+02
1.229869281045751563e+02 3.366363868099639944e+02
1.230000000000000000e+02 3.366509853501099769e+02
1.239183673469387656e+02 3.376363868099639944e+02
1.240000000000000000e+02 3.377286945022716509e+02
1.248137931034482619e+02 3.386363868099639944e+02
1.250000000000000000e+02 3.388671560407332208e+02
1.256428571428571672e+02 3.396363868099639944e+02
1.260000000000000000e+02 3.401465908915966452e+02
1.264067796610169410e+02 3.406363868099639944e+02
1.270000000000000000e+02 3.414503402983360729e+02
1.271739130434782794e+02 3.416363868099639944e+02
1.280000000000000000e+02 3.425201077401965222e+02
1.281219512195121979e+02 3.426363868099639944e+02
1.290000000000000000e+02 3.433942815468060985e+02
1.292738095238095184e+02 3.436363868099639944e+02
1.300000000000000000e+02 3.442463868099640081e+02
1.304148936170212778e+02 3.446363868099639944e+02
1.310000000000000000e+02 3.451504055015527683e+02
1.315252525252524833e+02 3.456363868099639944e+02
1.320000000000000000e+02 3.460313447931572455e+02
1.326990291262135884e+02 3.466363868099639944e+02
1.330000000000000000e+02 3.468730280313380376e+02
1.339009009009009219e+02 3.476363868099639944e+02
1.340000000000000000e+02 3.477190935768812778e+02
1.350000000000000000e+02 3.486122904244218148e+02
1.350273972602739718e+02 3.486363868099639944e+02
1.360000000000000000e+02 3.493837552310166075e+02
1.363037974683543894e+02 3.496363868099639944e+02
1.370000000000000000e+02 3.501064722800495019e+02
1.377045454545454390e+02 3.506363868099639944e+02
1.380000000000000000e+02 3.508132575582633308e+02
1.390000000000000000e+02 3.514152329638101264e+02
1.393150684931507044e+02 3.516363868099639944e+02
1.400000000000000000e+02 3.520095211383222136e+02
1.408936170212766115e+02 3.526363868099639944e+02
1.410000000000000000e+02 3.526962670494849590e+02
1.420000000000000000e+02 3.532705331514274008e+02
1.425113636363636260e+02 3.536363868099639944e+02
1.430000000000000000e+02 3.539192815468061326e+02
1.439732142857142776e+02 3.546363868099639944e+02
1.440000000000000000e+02 3.546543508818202781e+02
1.450000000000000000e+02 3.553978546998722550e+02
1.452736842105263122e+02 3.556363868099639944e+02
1.460000000000000000e+02 3.562363868099639603e+02
1.464646464646464779e+02 3.566363868099639944e+02
1.470000000000000000e+02 3.570570217305988763e+02
1.477156862745097783e+02 3.576363868099639944e+02
1.480000000000000000e+02 3.578420605688292540e+02
1.489739130434782624e+02 3.586363868099639944e+02
1.490000000000000000e+02 3.586563868099640331e+02
1.500000000000000000e+02 3.594242655978428047e+02
1.502560975609756042e+02 3.596363868099639944e+02
1.510000000000000000e+02 3.601622488789295176e+02
1.516321839080459881e+02 3.606363868099639944e+02
1.520000000000000000e+02 3.608617389226400292e+02
1.530000000000000000e+02 3.615205973362798204e+02
1.531594202898550634e+02 3.616363868099639944e+02
1.540000000000000000e+02 3.621041287454478379e+02
1.547857142857142776e+02 3.626363868099639944e+02
1.550000000000000000e+02 3.627474979210751371e+02
1.560000000000000000e+02 3.632414288267707434e+02
1.566438356164383663e+02 3.636363868099639944e+02
1.570000000000000000e+02 3.638052179787951559e+02
1.580000000000000000e+02 3.643030534766306801e+02
1.585606060606060623e+02 3.646363868099639944e+02
1.590000000000000000e+02 3.648284397900964677e+02
1.600000000000000000e+02 3.652940444676216885e+02
1.605588235294117680e+02 3.656363868099639944e+02
1.610000000000000000e+02 3.658250660552470208e+02
1.620000000000000000e+02 3.663346626720329482e+02
1.624729729729729684e+02 3.666363868099639944e+02
1.630000000000000000e+02 3.668727504463276432e+02
1.640000000000000000e+02 3.673736749455572408e+02
1.644492753623188150e+02 3.676363868099639944e+02
1.650000000000000000e+02 3.678695156443197902e+02
1.660000000000000000e+02 3.682820561013026008e+02
1.668035714285713880e+02 3.686363868099639944e+02
1.670000000000000000e+02 3.686916631918735447e+02
1.680000000000000000e+02 3.689204104786030598e+02
1.690000000000000000e+02 3.691831493998920450e+02
1.700000000000000000e+02 3.695372877108649163e+02
1.702500000000000000e+02 3.696363868099639944e+02
1.710000000000000000e+02 3.698197201432973316e+02
1.720000000000000000e+02 3.700688192423964438e+02
1.730000000000000000e+02 3.703306016859970669e+02
1.739250000000000114e+02 3.706363868099639944e+02
1.740000000000000000e+02 3.706515383251154958e+02
1.750000000000000000e+02 3.708573170425221406e+02
1.760000000000000000e+02 3.710989718439776084e+02
1.770000000000000000e+02 3.713719240000466471e+02
1.777441860465116292e+02 3.716363868099639944e+02
1.780000000000000000e+02 3.716903083785914532e+02
1.790000000000000000e+02 3.718962738156137107e+02
1.800000000000000000e+02 3.721296300532072792e+02
1.810000000000000000e+02 3.724197201432973543e+02
1.816341463414634063e+02 3.726363868099639944e+02
1.820000000000000000e+02 3.727099162217286903e+02
1.830000000000000000e+02 3.728974979210751144e+02
1.840000000000000000e+02 3.730525358782870171e+02
1.850000000000000000e+02 3.731634138369910261e+02
1.860000000000000000e+02 3.732707151681729556e+02
1.870000000000000000e+02 3.734010926923169222e+02
1.880000000000000000e+02 3.735514811495866070e+02
1.884736842105263008e+02 3.736363868099639944e+02
1.890000000000000000e+02 3.736892968628740164e+02
1.900000000000000000e+02 3.738182049917821814e+02
1.910000000000000000e+02 3.739676368099640058e+02
1.920000000000000000e+02 3.741541173064179020e+02
1.930000000000000000e+02 3.743884529256664564e+02
1.939375000000000000e+02 3.746363868099639944e+02
1.940000000000000000e+02 3.746460486457127672e+02
1.950000000000000000e+02 3.747861194302848844e+02
1.960000000000000000e+02 3.749315675328555244e+02
1.970000000000000000e+02 3.750884416044845011e+02
1.980000000000000000e+02 3.752272959008730595e+02
1.990000000000000000e+02 3.753193136392322913e+02
2.000000000000000000e+02 3.753758826082832911e+02
2.010000000000000000e+02 3.754276911577900933e+02
2.020000000000000000e+02 3.754756725242497168e+02
2.030000000000000000e+02 3.755522746604312943e+02
2.040000000000000000e+02 3.756363868099639944e+02
2.050000000000000000e+02 3.756744820480592466e+02
2.060000000000000000e+02 3.757358892975261710e+02
2.070000000000000000e+02 3.758266042012683101e+02
2.080000000000000000e+02 3.759575989311761077e+02
2.090000000000000000e+02 3.761363868099639944e+02
2.100000000000000000e+02 3.763243868099639826e+02
2.110000000000000000e+02 3.764189955056161807e+02
2.120000000000000000e+02 3.763628825364597219e+02
2.130000000000000000e+02 3.762286945022716509e+02
2.140000000000000000e+02 3.760921691228891746e+02
2.150000000000000000e+02 3.759836921991855547e+02
2.160000000000000000e+02 3.758863868099639944e+02
2.170000000000000000e+02 3.758088006030674251e+02
2.180000000000000000e+02 3.757298447538892106e+02
2.190000000000000000e+02 3.756451587397885419e+02
2.190833333333333428e+02 3.756363868099639944e+02
2.200000000000000000e+02 3.754560589411115643e+02
2.210000000000000000e+02 3.752856405413073162e+02
2.220000000000000000e+02 3.751780534766306801e+02
2.230000000000000000e+02 3.751039192774964590e+02
2.240000000000000000e+02 3.750376213778652073e+02
2.250000000000000000e+02 3.749697201432973088e+02
2.260000000000000000e+02 3.749252756988528859e+02
2.270000000000000000e+02 3.749105803583511261e+02
2.280000000000000000e+02 3.748998276701790360e+02
2.290000000000000000e+02 3.748797730533502772e+02
2.300000000000000000e+02 3.748312586048357957e+02
2.310000000000000000e+02 3.747540338687875305e+02
2.320000000000000000e+02 3.746650949439352871e+02
2.322727272727272805e+02 3.746363868099639944e+02
2.330000000000000000e+02 3.745007935896250046e+02
2.340000000000000000e+02 3.743331081214394089e+02
2.350000000000000000e+02 3.741666898402670540e+02
2.360000000000000000e+02 3.740406421291129391e+02
2.370000000000000000e+02 3.739497201432973270e+02
2.380000000000000000e+02 3.738832222530019749e+02
2.390000000000000000e+02 3.738160275285268881e+02
2.400000000000000000e+02 3.737363868099639603e+02
2.408181818181818130e+02 3.736363868099639944e+02
2.410000000000000000e+02 3.735993497729269848e+02
2.420000000000000000e+02 3.733529222430348682e+02
2.430000000000000000e+02 3.731329854494197775e+02
2.440000000000000000e+02 3.729477640554729874e+02
2.450000000000000000e+02 3.727607111342883286e+02
2.456216216216216139e+02 3.726363868099639944e+02
2.460000000000000000e+02 3.725135797924201597e+02
2.470000000000000000e+02 3.722153341783850351e+02
2.480000000000000000e+02 3.719783222938349354e+02
2.490000000000000000e+02 3.717621010956783039e+02
2.495641025641025692e+02 3.716363868099639944e+02
2.500000000000000000e+02 3.714775083052911100e+02
2.510000000000000000e+02 3.711212352948124931e+02
2.520000000000000000e+02 3.708607457843229440e+02
2.530000000000000000e+02 3.706419734021427530e+02
2.530238095238095184e+02 3.706363868099639944e+02
2.540000000000000000e+02 3.702947201432973543e+02
2.550000000000000000e+02 3.699807576708911370e+02
2.560000000000000000e+02 3.697030534766306573e+02
2.562307692307692264e+02 3.696363868099639944e+02
2.570000000000000000e+02 3.693138061648027133e+02
2.580000000000000000e+02 3.689830534766306300e+02
2.590000000000000000e+02 3.687094205178291304e+02
2.592954545454545610e+02 3.686363868099639944e+02
2.600000000000000000e+02 3.683822884493082483e+02
2.610000000000000000e+02 3.680947201432973088e+02
2.620000000000000000e+02 3.678619965660615208e+02
2.630000000000000000e+02 3.676744302882248689e+02
2.632187500000000000e+02 3.676363868099639944e+02
2.640000000000000000e+02 3.674245224031843691e+02
2.650000000000000000e+02 3.671960883025012663e+02
2.660000000000000000e+02 3.670023998818594464e+02
2.670000000000000000e+02 3.668625772861544760e+02
2.680000000000000000e+02 3.667586090321862002e+02
2.690000000000000000e+02 3.666726562400158400e+02
2.695384615384615472e+02 3.666363868099639944e+02
2.700000000000000000e+02 3.665818413554185327e+02
2.710000000000000000e+02 3.664851263057623214e+02
2.720000000000000000e+02 3.664062280798052598e+02
2.730000000000000000e+02 3.663495651045376462e+02
2.740000000000000000e+02 3.663005089473685985e+02
2.750000000000000000e+02 3.662454093663549770e+02
2.760000000000000000e+02 3.661327896876618411e+02
2.770000000000000000e+02 3.659877381613153489e+02
2.780000000000000000e+02 3.658912887707483037e+02
2.790000000000000000e+02 3.659002756988528517e+02
2.800000000000000000e+02 3.660443868099639531e+02
2.810000000000000000e+02 3.663128573981992986e+02
2.820000000000000000e+02 3.665201077401965222e+02
2.830000000000000000e+02 3.662486317079232094e+02
2.840000000000000000e+02 3.656867465221941984e+02
2.840744680851063890e+02 3.656363868099639944e+02
2.850000000000000000e+02 3.649113868099640285e+02
2.854647887323943678e+02 3.646363868099639944e+02
2.860000000000000000e+02 3.642812466230481050e+02
2.870000000000000000e+02 3.638088006030674251e+02
2.874310344827586050e+02 3.636363868099639944e+02
2.880000000000000000e+02 3.633469131257534741e+02
2.890000000000000000e+02 3.628830534766306641e+02
2.895967741935484128e+02 3.626363868099639944e+02
2.900000000000000000e+02 3.624245224031843691e+02
2.910000000000000000e+02 3.620023998818594464e+02
2.920000000000000000e+02 3.616964960995815090e+02
2.922115384615384528e+02 3.616363868099639944e+02
2.930000000000000000e+02 3.613109899845671862e+02
2.940000000000000000e+02 3.609585344609706681e+02
2.950000000000000000e+02 3.606422347631803405e+02
2.950172413793103487e+02 3.606363868099639944e+02
2.960000000000000000e+02 3.601875679123261875e+02
2.970000000000000000e+02 3.597907492260713980e+02
2.973709677419354875e+02 3.596363868099639944e+02
2.980000000000000000e+02 3.593113868099640058e+02
2.990000000000000000e+02 3.588995447047008156e+02
2.998163265306122298e+02 3.586363868099639944e+02
3.000000000000000000e+02 3.585545686281458302e+02
3.010000000000000000e+02 3.581100710204902953e+02
3.020000000000000000e+02 3.576680323795842469e+02
3.020520833333333144e+02 3.576363868099639944e+02
3.030000000000000000e+02 3.569417303214144113e+02
3.034255319148936110e+02 3.566363868099639944e+02
3.040000000000000000e+02 3.561937638591443260e+02
3.047906976744185954e+02 3.556363868099639944e+02
3.050000000000000000e+02 3.554665754892092764e+02
3.060000000000000000e+02 3.547143088878860908e+02
3.061071428571428328e+02 3.546363868099639944e+02
3.070000000000000000e+02 3.539321614578512936e+02
3.074375000000000000e+02 3.536363868099639944e+02
3.080000000000000000e+02 3.532009029389962507e+02
3.088433734939758892e+02 3.526363868099639944e+02
3.090000000000000000e+02 3.525063868099639990e+02
3.100000000000000000e+02 3.517117292757174027e+02
3.101018518518518476e+02 3.516363868099639944e+02
3.110000000000000000e+02 3.509178682914454726e+02
3.114269662921348072e+02 3.506363868099639944e+02
3.120000000000000000e+02 3.502183540230787457e+02
3.129594594594594810e+02 3.496363868099639944e+02
3.130000000000000000e+02 3.496075406561178625e+02
3.140000000000000000e+02 3.489271669518079761e+02
3.145124999999999886e+02 3.486363868099639944e+02
3.150000000000000000e+02 3.483058783353877175e+02
3.160000000000000000e+02 3.477213541302254498e+02
3.161511627906976969e+02 3.476363868099639944e+02
3.170000000000000000e+02 3.470748483484255189e+02
3.178260869565217490e+02 3.466363868099639944e+02
3.180000000000000000e+02 3.465221010956782948e+02
3.190000000000000000e+02 3.459572823323520652e+02
3.197049180327869067e+02 3.456363868099639944e+02
3.200000000000000000e+02 3.454697201432973088e+02
3.210000000000000000e+02 3.449575546931756662e+02
3.216984126984127101e+02 3.446363868099639944e+02
3.220000000000000000e+02 3.444636595372367083e+02
3.230000000000000000e+02 3.439326831062602992e+02
3.236557377049180104e+02 3.436363868099639944e+02
3.240000000000000000e+02 3.434382736024168139e+02
3.250000000000000000e+02 3.429488868099639944e+02
3.257547169811320487e+02 3.426363868099639944e+02
3.260000000000000000e+02 3.425076739386768736e+02
3.270000000000000000e+02 3.420462228755377510e+02
3.280000000000000000e+02 3.416718478028718096e+02
3.280961538461538680e+02 3.416363868099639944e+02
3.290000000000000000e+02 3.412012016247788324e+02
3.300000000000000000e+02 3.407859931091766157e+02
3.303584905660377444e+02 3.406363868099639944e+02
3.310000000000000000e+02 3.402997531465976522e+02
3.320000000000000000e+02 3.398174891721687345e+02
3.323833333333333258e+02 3.396363868099639944e+02
3.330000000000000000e+02 3.392736417119247676e+02
3.340000000000000000e+02 3.387604178177159611e+02
3.342388059701492580e+02 3.386363868099639944e+02
3.350000000000000000e+02 3.381552547344923028e+02
3.359482758620689538e+02 3.376363868099639944e+02
3.360000000000000000e+02 3.376026789447954570e+02
3.370000000000000000e+02 3.369434043538236665e+02
3.374320987654321016e+02 3.366363868099639944e+02
3.380000000000000000e+02 3.361717403453175166e+02
3.386162790697674154e+02 3.356363868099639944e+02
3.390000000000000000e+02 3.352926368099639944e+02
3.397682926829268126e+02 3.346363868099639944e+02
3.400000000000000000e+02 3.344320857346951925e+02
3.409487179487179560e+02 3.336363868099639944e+02
3.410000000000000000e+02 3.335909322645094335e+02
3.420000000000000000e+02 3.326957088438622918e+02
3.420642201834862135e+02 3.326363868099639944e+02
3.430000000000000000e+02 3.317256725242497168e+02
3.430961538461538680e+02 3.316363868099639944e+02
3.440000000000000000e+02 3.307740014888630640e+02
3.441704545454545610e+02 3.306363868099639944e+02
3.450000000000000000e+02 3.299477075646809681e+02
3.454459459459459367e+02 3.296363868099639944e+02
3.460000000000000000e+02 3.292093034766306801e+02
3.468461538461538680e+02 3.286363868099639944e+02
3.470000000000000000e+02 3.285173391909163456e+02
3.480000000000000000e+02 3.277937942173714418e+02
3.482207792207792068e+02 3.276363868099639944e+02
3.490000000000000000e+02 3.270178301089330262e+02
3.494624999999999773e+02 3.266363868099639944e+02
3.500000000000000000e+02 3.261305044570228233e+02
3.505000000000000000e+02 3.256363868099639944e+02
3.510000000000000000e+02 3.251241916880127860e+02
3.514081632653061433e+02 3.246363868099639944e+02
3.520000000000000000e+02 3.239375916292410693e+02
3.522173913043478137e+02 3.236363868099639944e+02
3.529886363636363740e+02 3.226363868099639944e+02
3.530000000000000000e+02 3.226221010956783175e+02
3.536969696969696884e+02 3.216363868099639944e+02
3.540000000000000000e+02 3.212517714253485792e+02
3.544571428571428555e+02 3.206363868099639944e+02
3.550000000000000000e+02 3.200100131835903312e+02
3.553119266055045955e+02 3.196363868099639944e+02
3.560000000000000000e+02 3.188788110523882438e+02
3.562201834862385113e+02 3.186363868099639944e+02
3.570000000000000000e+02 3.178030534766306801e+02
3.571619047619047365e+02 3.176363868099639944e+02
3.580000000000000000e+02 3.167982915718687309e+02
3.581666666666666856e+02 3.166363868099639944e+02
3.590000000000000000e+02 3.158345000175111750e+02
3.592234042553191671e+02 3.156363868099639944e+02
3.600000000000000000e+02 3.149344637330409569e+02
3.603780487804878021e+02 3.146363868099639944e+02
3.610000000000000000e+02 3.140995447047008611e+02
3.615569620253164658e+02 3.136363868099639944e+02
3.620000000000000000e+02 3.132095575416713018e+02
3.625662650602409371e+02 3.126363868099639944e+02
3.630000000000000000e+02 3.121499003234774818e+02
3.634470588235294031e+02 3.116363868099639944e+02
3.640000000000000000e+02 3.110012516748288363e+02
3.643139534883720785e+02 3.106363868099639944e+02
3.650000000000000000e+02 3.098390895126667033e+02
3.651612903225806690e+02 3.096363868099639944e+02
3.659220779220779036e+02 3.086363868099639944e+02
3.660000000000000000e+02 3.085292439528211617e+02
3.665617977528090137e+02 3.076363868099639944e+02
3.670000000000000000e+02 3.069521762836482139e+02
3.671682242990654004e+02 3.066363868099639944e+02
3.676421052631578732e+02 3.056363868099639944e+02
3.680000000000000000e+02 3.048268630004401984e+02
3.680625000000000000e+02 3.046363868099639944e+02
3.683418803418803691e+02 3.036363868099639944e+02
3.686116504854368827e+02 3.026363868099639944e+02
3.689560439560439704e+02 3.016363868099639944e+02
3.690000000000000000e+02 3.015187397511404583e+02
3.692564102564102768e+02 3.006363868099639944e+02
3.696019417475728233e+02 2.996363868099639944e+02
3.700000000000000000e+02 2.986601963337735128e+02
3.700074626865671803e+02 2.986363868099639944e+02
3.702968750000000000e+02 2.976363868099639944e+02
3.705762711864406924e+02 2.966363868099639944e+02
3.708737864077669997e+02 2.956363868099639944e+02
3.710000000000000000e+02 2.952942815468061326e+02
3.711893939393939377e+02 2.946363868099639944e+02
3.715535714285714448e+02 2.936363868099639944e+02
3.720000000000000000e+02 2.927272959008730595e+02
3.720359712230215905e+02 2.926363868099639944e+02
3.724621848739495817e+02 2.916363868099639944e+02
3.730000000000000000e+02 2.906363868099639944e+02
3.734322033898305335e+02 2.896363868099639944e+02
3.740000000000000000e+02 2.886653723172103696e+02
3.740150375939849710e+02 2.886363868099639944e+02
3.745188679245283083e+02 2.876363868099639944e+02
3.750000000000000000e+02 2.867719800303029842e+02
3.750610687022900720e+02 2.866363868099639944e+02
3.754504504504504325e+02 2.856363868099639944e+02
3.758421052631579187e+02 2.846363868099639944e+02
3.760000000000000000e+02 2.842078153813926065e+02
3.761538461538461320e+02 2.836363868099639944e+02
3.764322033898305335e+02 2.826363868099639944e+02
3.766944444444444571e+02 2.816363868099639944e+02
3.769300000000000068e+02 2.806363868099639944e+02
3.770000000000000000e+02 2.803671560407332208e+02
3.771283783783783861e+02 2.796363868099639944e+02
3.773071428571428783e+02 2.786363868099639944e+02
3.775000000000000000e+02 2.776363868099639944e+02
3.776829268292682968e+02 2.766363868099639944e+02
3.779017857142857224e+02 2.756363868099639944e+02
3.780000000000000000e+02 2.752697201432973202e+02
3.781151515151515241e+02 2.746363868099639944e+02
3.783020134228187885e+02 2.736363868099639944e+02
3.785454545454545610e+02 2.726363868099639944e+02
3.788761061946902373e+02 2.716363868099639944e+02
3.790000000000000000e+02 2.713108054146151744e+02
3.791933333333333280e+02 2.706363868099639944e+02
3.794959999999999809e+02 2.696363868099639944e+02
3.798653846153846416e+02 2.686363868099639944e+02
3.800000000000000000e+02 2.682949233953298744e+02
3.801698113207547181e+02 2.676363868099639944e+02
3.804285714285714448e+02 2.666363868099639944e+02
3.807250000000000227e+02 2.656363868099639944e+02
3.810000000000000000e+02 2.648689449494988821e+02
3.810571428571428783e+02 2.646363868099639944e+02
3.812941176470588402e+02 2.636363868099639944e+02
3.815419847328244032e+02 2.626363868099639944e+02
3.817964601769911610e+02 2.616363868099639944e+02
3.820000000000000000e+02 2.608944513260930194e+02
3.820487804878048905e+02 2.606363868099639944e+02
3.821721854304635713e+02 2.596363868099639944e+02
3.822027027027027088e+02 2.586363868099639944e+02
3.821644736842105203e+02 2.576363868099639944e+02
3.821146496815286469e+02 2.566363868099639944e+02
3.820993788819876045e+02 2.556363868099639944e+02
3.820961538461538680e+02 2.546363868099639944e+02
3.821125827814569789e+02 2.536363868099639944e+02
3.821506849315068735e+02 2.526363868099639944e+02
3.821619718309859195e+02 2.516363868099639944e+02
3.821172413793103715e+02 2.506363868099639944e+02
3.820000000000000000e+02 2.496919423655195374e+02
3.819880952380952408e+02 2.496363868099639944e+02
3.817171717171717091e+02 2.486363868099639944e+02
3.815263157894736992e+02 2.476363868099639944e+02
3.814444444444444571e+02 2.466363868099639944e+02
3.814881889763779554e+02 2.456363868099639944e+02
3.815901639344262435e+02 2.446363868099639944e+02
3.816929824561403279e+02 2.436363868099639944e+02
3.817777777777777715e+02 2.426363868099639944e+02
3.818627450980392268e+02 2.416363868099639944e+02
3.819484536082474051e+02 2.406363868099639944e+02
3.819148936170212778e+02 2.396363868099639944e+02
3.817010309278350633e+02 2.386363868099639944e+02
3.813333333333333144e+02 2.376363868099639944e+02
3.810000000000000000e+02 2.368409322645094335e+02
3.808874999999999886e+02 2.366363868099639944e+02
3.803333333333333144e+02 2.356363868099639944e+02
3.800000000000000000e+02 2.350481515158463708e+02
3.797236842105263008e+02 2.346363868099639944e+02
3.790666666666666629e+02 2.336363868099639944e+02
3.790000000000000000e+02 2.335481515158463708e+02
3.782619047619047592e+02 2.326363868099639944e+02
3.780000000000000000e+02 2.323579057973057616e+02
3.772962962962963047e+02 2.316363868099639944e+02
3.770000000000000000e+02 2.313636595372367424e+02
3.762470588235294144e+02 2.306363868099639944e+02
3.760000000000000000e+02 2.304153341783850237e+02
3.752043010752688019e+02 2.296363868099639944e+02
3.750000000000000000e+02 2.294444676180448255e+02
3.742156862745097783e+02 2.286363868099639944e+02
3.740000000000000000e+02 2.284185650277858031e+02
3.732476190476190254e+02 2.276363868099639944e+02
3.730000000000000000e+02 2.273789610673897528e+02
3.722857142857142776e+02 2.266363868099639944e+02
3.720000000000000000e+02 2.263172378737937720e+02
3.713962264150943611e+02 2.256363868099639944e+02
3.710000000000000000e+02 2.251798650708335572e+02
3.705049504950495134e+02 2.246363868099639944e+02
3.700000000000000000e+02 2.241314363149144810e+02
3.694791666666666856e+02 2.236363868099639944e+02
3.690000000000000000e+02 2.232398350858260869e+02
3.683069306930693187e+02 2.226363868099639944e+02
3.680000000000000000e+02 2.223843542896387930e+02
3.671858407079645872e+02 2.216363868099639944e+02
3.670000000000000000e+02 2.214599162217286903e+02
3.662096774193548185e+02 2.206363868099639944e+02
3.660000000000000000e+02 2.204021525757297582e+02
3.653145161290322562e+02 2.196363868099639944e+02
3.650000000000000000e+02 2.192424474160246177e+02
3.644827586206896513e+02 2.186363868099639944e+02
3.640000000000000000e+02 2.180071733268179059e+02
3.636700000000000159e+02 2.176363868099639944e+02
3.630000000000000000e+02 2.167882855441412175e+02
3.628588235294117794e+02 2.166363868099639944e+02
3.620924369747899050e+02 2.156363868099639944e+02
3.620000000000000000e+02 2.154935296671068272e+02
3.614054054054054177e+02 2.146363868099639944e+02
3.610000000000000000e+02 2.139440791176563152e+02
3.607916666666666856e+02 2.136363868099639944e+02
3.601788617886178940e+02 2.126363868099639944e+02
3.600000000000000000e+02 2.123030534766306801e+02
3.595686274509803866e+02 2.116363868099639944e+02
3.590160000000000196e+02 2.106363868099639944e+02
3.590000000000000000e+02 2.106065360636953301e+02
3.584036697247706229e+02 2.096363868099639944e+02
3.580000000000000000e+02 2.087197201432973088e+02
3.579560439560439704e+02 2.086363868099639944e+02
3.575229357798165211e+02 2.076363868099639944e+02
3.572258064516129252e+02 2.066363868099639944e+02
3.570000000000000000e+02 2.057879019614791218e+02
3.569473684210526585e+02 2.056363868099639944e+02
3.565545454545454618e+02 2.046363868099639944e+02
3.561693548387096939e+02 2.036363868099639944e+02
3.560000000000000000e+02 2.032613868099639944e+02
3.556464646464646648e+02 2.026363868099639944e+02
3.550991735537190266e+02 2.016363868099639944e+02
3.550000000000000000e+02 2.014720032483201635e+02
3.544504504504504325e+02 2.006363868099639944e+02
3.540000000000000000e+02 1.998551368099639944e+02
3.538494623655914211e+02 1.996363868099639944e+02
3.532347826086956388e+02 1.986363868099639944e+02
3.530000000000000000e+02 1.981863868099640058e+02
3.526597938144329873e+02 1.976363868099639944e+02
3.521428571428571672e+02 1.966363868099639944e+02
3.520000000000000000e+02 1.963576982853738286e+02
3.515686274509803866e+02 1.956363868099639944e+02
3.510234375000000000e+02 1.946363868099639944e+02
3.510000000000000000e+02 1.945958462694234754e+02
3.503826086956521522e+02 1.936363868099639944e+02
3.500000000000000000e+02 1.929697201432973088e+02
3.497755102040816269e+02 1.926363868099639944e+02
3.490819672131147513e+02 1.916363868099639944e+02
3.490000000000000000e+02 1.915159048822531531e+02
3.483302752293578237e+02 1.906363868099639944e+02
3.480000000000000000e+02 1.901627025994376936e+02
3.475876288659793545e+02 1.896363868099639944e+02
3.470000000000000000e+02 1.889056175791947680e+02
3.467586206896551744e+02 1.886363868099639944e+02
3.460000000000000000e+02 1.877444949180721210e+02
3.459012345679012128e+02 1.876363868099639944e+02
3.450476190476190368e+02 1.866363868099639944e+02
3.450000000000000000e+02 1.865820389838770552e+02
3.441470588235293917e+02 1.856363868099639944e+02
3.440000000000000000e+02 1.854768123418788832e+02
3.432178217821781914e+02 1.846363868099639944e+02
3.430000000000000000e+02 1.843998276701790360e+02
3.422604166666666856e+02 1.836363868099639944e+02
3.420000000000000000e+02 1.833812847691476691e+02
3.412474226804123987e+02 1.826363868099639944e+02
3.410000000000000000e+02 1.824162033237254832e+02
3.401584158415841443e+02 1.816363868099639944e+02
3.400000000000000000e+02 1.815030534766306687e+02
3.390000000000000000e+02 1.806363868099639944e+02
3.380000000000000000e+02 1.798211694186596219e+02
3.377875000000000227e+02 1.796363868099639944e+02
3.370000000000000000e+02 1.790363868099639717e+02
3.365172413793103487e+02 1.786363868099639944e+02
3.360000000000000000e+02 1.782613868099639944e+02
3.352268041237113607e+02 1.776363868099639944e+02
3.350000000000000000e+02 1.774658441743050616e+02
3.340000000000000000e+02 1.766474979210751144e+02
3.339866666666666788e+02 1.766363868099639944e+02
3.330000000000000000e+02 1.758655534766306801e+02
3.327283950617284063e+02 1.756363868099639944e+02
3.320000000000000000e+02 1.750900905136676897e+02
3.313717948717948616e+02 1.746363868099639944e+02
3.310000000000000000e+02 1.744025158422220443e+02
3.300000000000000000e+02 1.737853229801767725e+02
3.297777777777777715e+02 1.736363868099639944e+02
3.290000000000000000e+02 1.732065622485604877e+02
3.281095890410958873e+02 1.726363868099639944e+02
3.280000000000000000e+02 1.725757807493579321e+02
3.270000000000000000e+02 1.720545686281458302e+02
3.262580645161290249e+02 1.716363868099639944e+02
3.260000000000000000e+02 1.715212788962949162e+02
3.250000000000000000e+02 1.711235662971434976e+02
3.240000000000000000e+02 1.706879332017165893e+02
3.238809523809524080e+02 1.706363868099639944e+02
3.230000000000000000e+02 1.703379997131897881e+02
3.220000000000000000e+02 1.699334165129342864e+02
3.214339622641509209e+02 1.696363868099639944e+02
3.210000000000000000e+02 1.694647450189192455e+02
3.200000000000000000e+02 1.690276911577900592e+02
3.192105263157894797e+02 1.686363868099639944e+02
3.190000000000000000e+02 1.685558498972123402e+02
3.180000000000000000e+02 1.681686448744801510e+02
3.170000000000000000e+02 1.676663868099639672e+02
3.169482758620689538e+02 1.676363868099639944e+02
3.160000000000000000e+02 1.672197201432973088e+02
3.150128205128204968e+02 1.666363868099639944e+02
3.150000000000000000e+02 1.666302139704578167e+02
3.140000000000000000e+02 1.661439625675397451e+02
3.131184210526315610e+02 1.656363868099639944e+02
3.130000000000000000e+02 1.655801368099640172e+02
3.120000000000000000e+02 1.651175898174827807e+02
3.111466666666666470e+02 1.646363868099639944e+02
3.110000000000000000e+02 1.645663231156964912e+02
3.100000000000000000e+02 1.640738868099639944e+02
3.092727272727272521e+02 1.636363868099639944e+02
3.090000000000000000e+02 1.635026288481805636e+02
3.080000000000000000e+02 1.629750964873833254e+02
3.074750000000000227e+02 1.626363868099639944e+02
3.070000000000000000e+02 1.623761128373612337e+02
3.060000000000000000e+02 1.617868292878400780e+02
3.057571428571428669e+02 1.616363868099639944e+02
3.050000000000000000e+02 1.612408644219042912e+02
3.040000000000000000e+02 1.606363868099639944e+02
3.030000000000000000e+02 1.601363868099639944e+02
3.022048192771084132e+02 1.596363868099639944e+02
3.020000000000000000e+02 1.595287918732551589e+02
3.010000000000000000e+02 1.589723868099640072e+02
3.004545454545454390e+02 1.586363868099639944e+02
3.000000000000000000e+02 1.584105803583510692e+02
2.990000000000000000e+02 1.578800842889555724e+02
2.986081081081081265e+02 1.576363868099639944e+02
2.980000000000000000e+02 1.573217014952786599e+02
2.970000000000000000e+02 1.567289794025566039e+02
2.968437500000000000e+02 1.566363868099639944e+02
2.960000000000000000e+02 1.562272959008730595e+02
2.950000000000000000e+02 1.556363868099639944e+02
2.940000000000000000e+02 1.551321133056904955e+02
2.932054794520548171e+02 1.546363868099639944e+02
2.930000000000000000e+02 1.545236048550767691e+02
2.920000000000000000e+02 1.539633098868870889e+02
2.914603174603174693e+02 1.536363868099639944e+02
2.910000000000000000e+02 1.533967173884764179e+02
2.900000000000000000e+02 1.529037135426372629e+02
2.894130434782608745e+02 1.526363868099639944e+02
2.890000000000000000e+02 1.525016350369143652e+02
2.880000000000000000e+02 1.522078153813925496e+02
2.870000000000000000e+02 1.519024418558355478e+02
2.861470588235293917e+02 1.516363868099639944e+02
2.860000000000000000e+02 1.516030534766306346e+02
2.850000000000000000e+02 1.514126105861877818e+02
2.840000000000000000e+02 1.511936387183609440e+02
2.830000000000000000e+02 1.508706210441982307e+02
2.824583333333333144e+02 1.506363868099639944e+02
2.820000000000000000e+02 1.504483526219298142e+02
2.810000000000000000e+02 1.498007703716078254e+02
2.808125000000000000e+02 1.496363868099639944e+02
2.803402061855670127e+02 1.486363868099639944e+02
2.804368932038834714e+02 1.476363868099639944e+02
2.810000000000000000e+02 1.466533359625063895e+02
2.810079999999999814e+02 1.466363868099639944e+02
2.817865168539325964e+02 1.456363868099639944e+02
2.820000000000000000e+02 1.453958804808500531e+02
2.826250000000000000e+02 1.446363868099639944e+02
2.830000000000000000e+02 1.441863868099640058e+02
2.834536082474226646e+02 1.436363868099639944e+02
2.840000000000000000e+02 1.430128573981992872e+02
2.843516483516483504e+02 1.426363868099639944e+02
2.850000000000000000e+02 1.419734654616493685e+02
2.853409090909090651e+02 1.416363868099639944e+02
2.860000000000000000e+02 1.410677593589836079e+02
2.865714285714285552e+02 1.406363868099639944e+02
2.870000000000000000e+02 1.403390895126667033e+02
2.880000000000000000e+02 1.398398751820570283e+02
2.886363636363636260e+02 1.396363868099639944e+02
2.890000000000000000e+02 1.394789064950033435e+02
2.900000000000000000e+02 1.391790697367932808e+02
2.910000000000000000e+02 1.390034080865597161e+02
2.920000000000000000e+02 1.389050435263819168e+02
2.930000000000000000e+02 1.388728400119344428e+02
2.940000000000000000e+02 1.389050435263819168e+02
2.950000000000000000e+02 1.389801368099639944e+02
2.960000000000000000e+02 1.391000739608019785e+02
2.970000000000000000e+02 1.392590283193979417e+02
2.980000000000000000e+02 1.394525632805522264e+02
2.989615384615384528e+02 1.396363868099639944e+02
2.990000000000000000e+02 1.396403868099640135e+02
3.000000000000000000e+02 1.397068713914617888e+02
3.010000000000000000e+02 1.397820178779251705e+02
3.020000000000000000e+02 1.398974979210751144e+02
3.030000000000000000e+02 1.400969131257534741e+02
3.040000000000000000e+02 1.403702577777059446e+02
3.047857142857142776e+02 1.406363868099639944e+02
3.050000000000000000e+02 1.406784428847303730e+02
3.060000000000000000e+02 1.408863868099639944e+02
3.070000000000000000e+02 1.412025632805522264e+02
3.078676470588235361e+02 1.416363868099639944e+02
3.080000000000000000e+02 1.416813868099640104e+02
3.090000000000000000e+02 1.420503995488174951e+02
3.100000000000000000e+02 1.425156971547915532e+02
3.102295081967213264e+02 1.426363868099639944e+02
3.110000000000000000e+02 1.428946285682057464e+02
3.120000000000000000e+02 1.433106292342064307e+02
3.126056338028168966e+02 1.436363868099639944e+02
3.130000000000000000e+02 1.437877381613153602e+02
3.140000000000000000e+02 1.441942099392156820e+02
3.148904109589041127e+02 1.446363868099639944e+02
3.150000000000000000e+02 1.446759907703600447e+02
3.160000000000000000e+02 1.450400012677953328e+02
3.170000000000000000e+02 1.455315481002865567e+02
3.171999999999999886e+02 1.456363868099639944e+02
3.180000000000000000e+02 1.459221010956782720e+02
3.190000000000000000e+02 1.463030534766306801e+02
3.197538461538461547e+02 1.466363868099639944e+02
3.200000000000000000e+02 1.467118585080772277e+02
3.210000000000000000e+02 1.470318670359527005e+02
3.220000000000000000e+02 1.474484168851519712e+02
3.223731343283582191e+02 1.476363868099639944e+02
3.230000000000000000e+02 1.478432833616881226e+02
3.240000000000000000e+02 1.482133098868870889e+02
3.249041095890410702e+02 1.486363868099639944e+02
3.250000000000000000e+02 1.486663013398785438e+02
3.260000000000000000e+02 1.489465472377714832e+02
3.270000000000000000e+02 1.492935296671068386e+02
3.277500000000000000e+02 1.496363868099639944e+02
3.280000000000000000e+02 1.497125772861544988e+02
3.290000000000000000e+02 1.500525358782869603e+02
3.300000000000000000e+02 1.505478912347427354e+02
3.301538461538461320e+02 1.506363868099639944e+02
3.310000000000000000e+02 1.509717526636225102e+02
3.320000000000000000e+02 1.514923190133538355e+02
3.322537313432835617e+02 1.516363868099639944e+02
3.330000000000000000e+02 1.519305044570228347e+02
3.340000000000000000e+02 1.524639730168605638e+02
3.342702702702702595e+02 1.526363868099639944e+02
3.350000000000000000e+02 1.529738868099639717e+02
3.360000000000000000e+02 1.535883098868870889e+02
3.360757575757575637e+02 1.536363868099639944e+02
3.370000000000000000e+02 1.540629602365374353e+02
3.378913043478260647e+02 1.546363868099639944e+02
3.380000000000000000e+02 1.546884701432973088e+02
3.390000000000000000e+02 1.551759551552877383e+02
3.397356321839080238e+02 1.556363868099639944e+02
3.400000000000000000e+02 1.557580799316571074e+02
3.410000000000000000e+02 1.562512016247787869e+02
3.416190476190475920e+02 1.566363868099639944e+02
3.420000000000000000e+02 1.568093597829369514e+02
3.430000000000000000e+02 1.573340612285686575e+02
3.434482758620689538e+02 1.576363868099639944e+02
3.440000000000000000e+02 1.579221010956782720e+02
3.450000000000000000e+02 1.585744399073091131e+02
3.450933333333333053e+02 1.586363868099639944e+02
3.460000000000000000e+02 1.591152600494006037e+02
3.467326732673267315e+02 1.596363868099639944e+02
3.470000000000000000e+02 1.597961501235734545e+02
3.480000000000000000e+02 1.604756725242497168e+02
3.482142857142857224e+02 1.606363868099639944e+02
3.490000000000000000e+02 1.611181386347815305e+02
3.496826923076923208e+02 1.616363868099639944e+02
3.500000000000000000e+02 1.618479252715024472e+02
3.510000000000000000e+02 1.626363868099639944e+02
3.520000000000000000e+02 1.633605247409984713e+02
3.523298969072164937e+02 1.636363868099639944e+02
3.530000000000000000e+02 1.641363868099639944e+02
3.536018518518518476e+02 1.646363868099639944e+02
3.540000000000000000e+02 1.649309073579091773e+02
3.548728813559321793e+02 1.656363868099639944e+02
3.550000000000000000e+02 1.657301368099639944e+02
3.560000000000000000e+02 1.665210021945793528e+02
3.561304347826086882e+02 1.666363868099639944e+02
3.570000000000000000e+02 1.673703317640924411e+02
3.572929292929292728e+02 1.676363868099639944e+02
3.580000000000000000e+02 1.682504218976832817e+02
3.584271844660194120e+02 1.686363868099639944e+02
3.590000000000000000e+02 1.691160616067119804e+02
3.595871559633027346e+02 1.696363868099639944e+02
3.600000000000000000e+02 1.699648539632486859e+02
3.607796610169491487e+02 1.706363868099639944e+02
3.610000000000000000e+02 1.708074394415429538e+02
3.619843750000000000e+02 1.716363868099639944e+02
3.620000000000000000e+02 1.716490450378120727e+02
3.630000000000000000e+02 1.724633098868870889e+02
3.631935483870967687e+02 1.726363868099639944e+02
3.640000000000000000e+02 1.733439339797753291e+02
3.643263157894737105e+02 1.736363868099639944e+02
3.650000000000000000e+02 1.742577460332649935e+02
3.654020618556701265e+02 1.746363868099639944e+02
3.660000000000000000e+02 1.752282235446578511e+02
3.663921568627450824e+02 1.756363868099639944e+02
3.670000000000000000e+02 1.762890183889113587e+02
3.673299999999999841e+02 1.766363868099639944e+02
3.680000000000000000e+02 1.773726505462277032e+02
3.682424242424242493e+02 1.776363868099639944e+02
3.690000000000000000e+02 1.785084798332197806e+02
3.691134020618556519e+02 1.786363868099639944e+02
3.699637681159420026e+02 1.796363868099639944e+02
3.700000000000000000e+02 1.796794902582398663e+02
3.708409090909090651e+02 1.806363868099639944e+02
3.710000000000000000e+02 1.808174212927225994e+02
3.717480314960629926e+02 1.816363868099639944e+02
3.720000000000000000e+02 1.819098910834682670e+02
3.726967213114754145e+02 1.826363868099639944e+02
3.730000000000000000e+02 1.829667439528211617e+02
3.736302521008403232e+02 1.836363868099639944e+02
3.740000000000000000e+02 1.840476017632350363e+02
3.745294117647058556e+02 1.846363868099639944e+02
3.750000000000000000e+02 1.851963868099639967e+02
3.753793103448275588e+02 1.856363868099639944e+02
3.760000000000000000e+02 1.863786548512011336e+02
3.762272727272727479e+02 1.866363868099639944e+02
3.770000000000000000e+02 1.875602998534422454e+02
3.770673076923076792e+02 1.876363868099639944e+02
3.778707482993197004e+02 1.886363868099639944e+02
3.780000000000000000e+02 1.888173391909163570e+02
3.786187050359712316e+02 1.896363868099639944e+02
3.790000000000000000e+02 1.902124737664857435e+02
3.793046875000000000e+02 1.906363868099639944e+02
3.799252873563218600e+02 1.916363868099639944e+02
3.800000000000000000e+02 1.917578821370668152e+02
3.806351351351351582e+02 1.926363868099639944e+02
3.810000000000000000e+02 1.932716809276110439e+02
3.812540983606557461e+02 1.936363868099639944e+02
3.818303030303030141e+02 1.946363868099639944e+02
3.820000000000000000e+02 1.949619682053128145e+02
3.824233576642335493e+02 1.956363868099639944e+02
3.829431818181818130e+02 1.966363868099639944e+02
3.830000000000000000e+02 1.967450824621379297e+02
3.835578231292516875e+02 1.976363868099639944e+02
3.840000000000000000e+02 1.985030534766306687e+02
3.840826446280991604e+02 1.986363868099639944e+02
3.846913580246913398e+02 1.996363868099639944e+02
3.850000000000000000e+02 2.002387964485182010e+02
3.852462686567164383e+02 2.006363868099639944e+02
3.857500000000000000e+02 2.016363868099639944e+02
3.860000000000000000e+02 2.022687397511404583e+02
3.861838235294117680e+02 2.026363868099639944e+02
3.866352941176470495e+02 2.036363868099639944e+02
3.870000000000000000e+02 2.046205137940909822e+02
3.870079999999999814e+02 2.046363868099639944e+02
3.875000000000000000e+02 2.056363868099639944e+02
3.878763440860215042e+02 2.066363868099639944e+02
3.880000000000000000e+02 2.069957618099639944e+02
3.882907801418439817e+02 2.076363868099639944e+02
3.886529411764705628e+02 2.086363868099639944e+02
3.889744897959183731e+02 2.096363868099639944e+02
3.890000000000000000e+02 2.097157518893290558e+02
3.893972602739726199e+02 2.106363868099639944e+02
3.897556818181818130e+02 2.116363868099639944e+02
3.900000000000000000e+02 2.124477075646809681e+02
3.900787401574802971e+02 2.126363868099639944e+02
3.904743589743589496e+02 2.136363868099639944e+02
3.908032786885245855e+02 2.146363868099639944e+02
3.910000000000000000e+02 2.152792439528211617e+02
3.911492537313432649e+02 2.156363868099639944e+02
3.915220125786163408e+02 2.166363868099639944e+02
3.918260869565217490e+02 2.176363868099639944e+02
3.920000000000000000e+02 2.182763868099639808e+02
3.921343283582089612e+02 2.186363868099639944e+02
3.924814814814814667e+02 2.196363868099639944e+02
3.927795698924730914e+02 2.206363868099639944e+02
3.930000000000000000e+02 2.213956460692232326e+02
3.930948905109489147e+02 2.216363868099639944e+02
3.934601226993864884e+02 2.226363868099639944e+02
3.937712765957446663e+02 2.236363868099639944e+02
3.940000000000000000e+02 2.244633098868870889e+02
3.940647482014388743e+02 2.246363868099639944e+02
3.944329268292682968e+02 2.256363868099639944e+02
3.947473684210526130e+02 2.266363868099639944e+02
3.950000000000000000e+02 2.274935296671068272e+02
3.950601503759398270e+02 2.276363868099639944e+02
3.954522292993630685e+02 2.286363868099639944e+02
3.957445652173913118e+02 2.296363868099639944e+02
3.959809523809523739e+02 2.306363868099639944e+02
3.960000000000000000e+02 2.307163868099639785e+02
3.962967741935484014e+02 2.316363868099639944e+02
3.965815217391304373e+02 2.326363868099639944e+02
3.968502415458937094e+02 2.336363868099639944e+02
3.970000000000000000e+02 2.342212924703413250e+02
3.971506849315068735e+02 2.346363868099639944e+02
3.974764705882353155e+02 2.356363868099639944e+02
3.977552083333333144e+02 2.366363868099639944e+02
3.980000000000000000e+02 2.375763868099639922e+02
3.980223880597014841e+02 2.376363868099639944e+02
3.983584905660377444e+02 2.386363868099639944e+02
3.986153846153846416e+02 2.396363868099639944e+02
3.988243902439024282e+02 2.406363868099639944e+02
3.990000000000000000e+02 2.415144355904517965e+02
3.990362318840579974e+02 2.416363868099639944e+02
3.993248407643312134e+02 2.426363868099639944e+02
3.995649717514124291e+02 2.436363868099639944e+02
3.997450000000000045e+02 2.446363868099639944e+02
3.999090909090909349e+02 2.456363868099639944e+02
4.000000000000000000e+02 2.462424474160246177e+02
4.000896551724138135e+02 2.466363868099639944e+02
4.002638036809815958e+02 2.476363868099639944e+02
4.003854748603351936e+02 2.486363868099639944e+02
4.004871794871795032e+02 2.496363868099639944e+02
4.005961538461538680e+02 2.506363868099639944e+02
4.006986301369863099e+02 2.516363868099639944e+02
4.007929515418502433e+02 2.526363868099639944e+02
4.008717948717948616e+02 2.536363868099639944e+02
4.009288702928870407e+02 2.546363868099639944e+02
4.009629629629629903e+02 2.556363868099639944e+02
4.009834710743801907e+02 2.566363868099639944e+02
4.009916666666666742e+02 2.576363868099639944e+02
4.009915966386554373e+02 2.586363868099639944e+02
4.009872340425532116e+02 2.596363868099639944e+02
4.009914163090128909e+02 2.606363868099639944e+02
4.010000000000000000e+02 2.611363868099639944e+02
4.010150375939849710e+02 2.616363868099639944e+02
