2.890000000000000000e+02 3.457808197981720468e+02
2.883137254901960773e+02 3.460608197981720764e+02
2.880000000000000000e+02 3.462328628089247786e+02
2.870000000000000000e+02 3.466979879397649711e+02
2.860000000000000000e+02 3.470533571116048961e+02
2.859767441860465169e+02 3.470608197981720764e+02
2.850000000000000000e+02 3.474646659520182084e+02
2.840000000000000000e+02 3.477762669526435957e+02
2.830000000000000000e+02 3.480122086870609337e+02
2.827878787878788103e+02 3.480608197981720764e+02
2.820000000000000000e+02 3.482993519082638159e+02
2.810000000000000000e+02 3.485808197981721150e+02
2.800000000000000000e+02 3.488247086870609337e+02
2.790000000000000000e+02 3.490546086180478369e+02
2.789743589743589496e+02 3.490608197981720764e+02
2.780000000000000000e+02 3.493941531315053908e+02
2.770000000000000000e+02 3.497042306508852789e+02
2.760000000000000000e+02 3.499642680740341802e+02
2.755757575757575637e+02 3.500608197981720764e+02
2.750000000000000000e+02 3.502489386100533011e+02
2.740000000000000000e+02 3.505263370395513789e+02
2.730000000000000000e+02 3.507653652527175154e+02
2.720000000000000000e+02 3.509859898661992474e+02
2.716666666666666856e+02 3.510608197981720764e+02
2.710000000000000000e+02 3.512830420203943049e+02
2.700000000000000000e+02 3.515829436919773912e+02
2.690000000000000000e+02 3.518282616586371887e+02
2.680000000000000000e+02 3.520268061927299073e+02
2.678148148148148380e+02 3.520608197981720764e+02
2.670000000000000000e+02 3.522808197981720468e+02
2.660000000000000000e+02 3.525482147561552893e+02
2.650000000000000000e+02 3.528272431558362996e+02
2.641578947368420813e+02 3.530608197981720764e+02
2.640000000000000000e+02 3.531253359272043326e+02
2.630000000000000000e+02 3.534880925254448130e+02
2.620000000000000000e+02 3.537092572981720764e+02
2.610000000000000000e+02 3.538777212066228230e+02
2.600000000000000000e+02 3.540479992853515796e+02
2.599393939393939377e+02 3.540608197981720764e+02
2.590000000000000000e+02 3.543617906719584880e+02
2.580000000000000000e+02 3.546334693708216719e+02
2.570000000000000000e+02 3.548790016163538894e+02
2.562500000000000000e+02 3.550608197981720764e+02
2.560000000000000000e+02 3.551477763199112019e+02
2.550000000000000000e+02 3.554920124587225700e+02
2.540000000000000000e+02 3.557728197981720655e+02
2.530000000000000000e+02 3.559974395164819043e+02
2.526250000000000000e+02 3.560608197981720764e+02
2.520000000000000000e+02 3.562154589734298042e+02
2.510000000000000000e+02 3.564069736443259444e+02
2.500000000000000000e+02 3.565517288890811756e+02
2.490000000000000000e+02 3.567073715223100407e+02
2.480000000000000000e+02 3.568738279282533767e+02
2.470000000000000000e+02 3.570534123907646631e+02
2.469666666666666686e+02 3.570608197981720764e+02
2.460000000000000000e+02 3.573795011168533620e+02
2.450000000000000000e+02 3.576802888247207193e+02
2.440000000000000000e+02 3.579211139158191486e+02
2.433870967741935374e+02 3.580608197981720764e+02
2.430000000000000000e+02 3.581832687777639421e+02
2.420000000000000000e+02 3.584956024068677607e+02
2.410000000000000000e+02 3.587195499569022559e+02
2.400000000000000000e+02 3.588769962687603083e+02
2.390000000000000000e+02 3.589978827352350095e+02
2.384000000000000057e+02 3.590608197981720764e+02
2.380000000000000000e+02 3.591274864648387393e+02
2.370000000000000000e+02 3.592955136757231003e+02
2.360000000000000000e+02 3.594626889570505455e+02
2.350000000000000000e+02 3.596039232464479483e+02
2.340000000000000000e+02 3.597195499569022559e+02
2.330000000000000000e+02 3.598216893633895097e+02
2.320000000000000000e+02 3.599459549333072346e+02
2.311052631578947398e+02 3.600608197981720764e+02
2.310000000000000000e+02 3.600823251745161997e+02
2.300000000000000000e+02 3.602893912267435326e+02
2.290000000000000000e+02 3.604454351827874916e+02
2.280000000000000000e+02 3.605568827902980615e+02
2.270000000000000000e+02 3.606727600966795535e+02
2.260000000000000000e+02 3.608125928478174274e+02
2.250000000000000000e+02 3.609519762607570783e+02
2.240000000000000000e+02 3.610608197981720764e+02
2.230000000000000000e+02 3.611754031315053908e+02
2.220000000000000000e+02 3.612744120311817824e+02
2.210000000000000000e+02 3.614034123907646290e+02
2.200000000000000000e+02 3.615394522768045817e+02
2.190000000000000000e+02 3.616608197981720423e+02
2.180000000000000000e+02 3.617502137375660141e+02
2.170000000000000000e+02 3.618163753537276079e+02
2.160000000000000000e+02 3.618345424259092624e+02
2.150000000000000000e+02 3.618377982154382835e+02
2.140000000000000000e+02 3.618593809492512037e+02
2.130000000000000000e+02 3.619058902207073061e+02
2.120000000000000000e+02 3.619391981765504624e+02
2.110000000000000000e+02 3.619589089701465809e+02
2.100000000000000000e+02 3.619584101596178698e+02
2.090000000000000000e+02 3.619431727393485403e+02
2.080000000000000000e+02 3.618773878455093609e+02
2.070000000000000000e+02 3.617957595572082141e+02
2.060000000000000000e+02 3.617380349880454560e+02
2.050000000000000000e+02 3.617027116900640067e+02
2.040000000000000000e+02 3.616523690939467315e+02
2.030000000000000000e+02 3.615783023156545823e+02
2.020000000000000000e+02 3.615337927711450448e+02
2.010000000000000000e+02 3.615341531315053771e+02
2.000000000000000000e+02 3.615574640934740955e+02
1.990000000000000000e+02 3.615473062846585890e+02
1.980000000000000000e+02 3.615128745926925831e+02
1.970000000000000000e+02 3.614650751173210210e+02
1.960000000000000000e+02 3.613965862215297307e+02
1.950000000000000000e+02 3.612762044135566839e+02
1.940000000000000000e+02 3.611092068949462828e+02
1.937142857142857224e+02 3.610608197981720764e+02
1.930000000000000000e+02 3.609818724297510357e+02
1.920000000000000000e+02 3.608885975759498592e+02
1.910000000000000000e+02 3.608241334076395219e+02
1.900000000000000000e+02 3.607670697981720878e+02
1.890000000000000000e+02 3.606741531315054203e+02
1.880000000000000000e+02 3.604904494278017069e+02
1.870000000000000000e+02 3.601987508326548095e+02
1.865999999999999659e+02 3.600608197981720764e+02
1.860000000000000000e+02 3.599274864648387506e+02
1.850000000000000000e+02 3.597045697981720878e+02
1.840000000000000000e+02 3.594884060050686685e+02
1.830000000000000000e+02 3.592795697981720764e+02
1.820000000000000000e+02 3.590785189132163282e+02
1.819166666666666856e+02 3.590608197981720764e+02
1.810000000000000000e+02 3.589365260128613500e+02
1.800000000000000000e+02 3.587487178873440143e+02
1.790000000000000000e+02 3.584978568352091202e+02
1.780000000000000000e+02 3.581901301429996920e+02
1.776052631578947398e+02 3.580608197981720764e+02
1.770000000000000000e+02 3.579293912267435189e+02
1.760000000000000000e+02 3.576782694626016337e+02
1.750000000000000000e+02 3.573672714110753077e+02
1.741363636363636260e+02 3.570608197981720764e+02
1.740000000000000000e+02 3.570276706269013403e+02
1.730000000000000000e+02 3.567797740465380798e+02
1.720000000000000000e+02 3.564768197981720732e+02
1.710000000000000000e+02 3.560608197981720764e+02
1.700000000000000000e+02 3.557465340838863312e+02
1.690000000000000000e+02 3.553564719720851599e+02
1.683333333333333144e+02 3.550608197981720764e+02
1.680000000000000000e+02 3.549571612615867480e+02
1.670000000000000000e+02 3.546354466638437088e+02
1.660000000000000000e+02 3.542322483696006543e+02
1.656538461538461320e+02 3.540608197981720764e+02
1.650000000000000000e+02 3.538196850463990586e+02
1.640000000000000000e+02 3.533790016163538894e+02
1.634067796610169694e+02 3.530608197981720764e+02
1.630000000000000000e+02 3.528997459726687111e+02
1.620000000000000000e+02 3.524760740354602149e+02
1.611967213114754145e+02 3.520608197981720764e+02
1.610000000000000000e+02 3.519823884256230713e+02
1.600000000000000000e+02 3.515732164923869618e+02
1.590461538461538566e+02 3.510608197981720764e+02
1.590000000000000000e+02 3.510406855699841344e+02
1.580000000000000000e+02 3.505734248401888635e+02
1.571643835616438309e+02 3.500608197981720764e+02
1.570000000000000000e+02 3.499780611774824592e+02
1.560000000000000000e+02 3.494699107072630113e+02
1.553661971830985635e+02 3.490608197981720764e+02
1.550000000000000000e+02 3.488696433275838444e+02
1.540000000000000000e+02 3.483012044135566612e+02
1.536268656716417809e+02 3.480608197981720764e+02
1.530000000000000000e+02 3.477193563835379564e+02
1.520240963855421796e+02 3.470608197981720764e+02
1.520000000000000000e+02 3.470468337841860489e+02
1.510000000000000000e+02 3.464813805458356342e+02
1.503835616438356055e+02 3.460608197981720764e+02
1.500000000000000000e+02 3.458420697981720764e+02
1.490000000000000000e+02 3.451816989190512004e+02
1.488405797101449366e+02 3.450608197981720764e+02
1.480000000000000000e+02 3.445429626553149092e+02
1.473571428571428328e+02 3.440608197981720764e+02
1.470000000000000000e+02 3.438335470708993853e+02
1.460000000000000000e+02 3.431052642426164994e+02
1.459384615384615245e+02 3.430608197981720764e+02
1.450000000000000000e+02 3.424907263402281501e+02
1.444177215189873209e+02 3.420608197981720764e+02
1.440000000000000000e+02 3.417925271152452069e+02
1.430526315789473415e+02 3.410608197981720764e+02
1.430000000000000000e+02 3.410237827611350667e+02
1.420000000000000000e+02 3.403212364648387620e+02
1.416666666666666856e+02 3.400608197981720764e+02
1.410000000000000000e+02 3.395800505674028500e+02
1.403493975903614341e+02 3.390608197981720764e+02
1.400000000000000000e+02 3.387947647523005230e+02
1.391397849462365457e+02 3.380608197981720764e+02
1.390000000000000000e+02 3.379467847104527891e+02
1.380000000000000000e+02 3.370608197981720764e+02
1.370000000000000000e+02 3.362174463041961872e+02
1.368219178082192116e+02 3.360608197981720764e+02
1.360000000000000000e+02 3.353866624948012714e+02
1.356463414634146716e+02 3.350608197981720764e+02
1.350000000000000000e+02 3.344909273250538035e+02
1.345505617977527777e+02 3.340608197981720764e+02
1.340000000000000000e+02 3.335395432024273532e+02
1.335054945054944824e+02 3.330608197981720764e+02
1.330000000000000000e+02 3.325608197981720764e+02
1.325000000000000000e+02 3.320608197981720764e+02
1.320000000000000000e+02 3.315320841659881808e+02
1.315494505494505688e+02 3.310608197981720764e+02
1.310000000000000000e+02 3.303758882913227808e+02
1.307415730337078799e+02 3.300608197981720764e+02
1.301166666666666742e+02 3.290608197981720764e+02
1.300000000000000000e+02 3.288579212474474502e+02
1.294811320754716917e+02 3.280608197981720764e+02
1.290000000000000000e+02 3.272996257683213344e+02
1.288241758241758248e+02 3.270608197981720764e+02
1.281120689655172669e+02 3.260608197981720764e+02
1.280000000000000000e+02 3.259022832128061964e+02
1.273551401869158894e+02 3.250608197981720764e+02
1.270000000000000000e+02 3.245798071399442506e+02
1.265899999999999750e+02 3.240608197981720764e+02
1.260000000000000000e+02 3.232179626553149205e+02
1.258750000000000000e+02 3.230608197981720764e+02
1.251166666666666458e+02 3.220608197981720764e+02
1.250000000000000000e+02 3.219035164273855685e+02
1.242857142857143060e+02 3.210608197981720764e+02
1.240000000000000000e+02 3.207036769410292436e+02
1.234545454545454675e+02 3.200608197981720764e+02
1.230000000000000000e+02 3.195120393103671859e+02
1.226021505376344010e+02 3.190608197981720764e+02
1.220000000000000000e+02 3.183519590386783875e+02
1.217444444444444684e+02 3.180608197981720764e+02
1.210000000000000000e+02 3.171036769410292209e+02
1.209662921348314626e+02 3.170608197981720764e+02
1.201612903225806690e+02 3.160608197981720764e+02
1.200000000000000000e+02 3.158627999961918817e+02
1.193076923076922924e+02 3.150608197981720764e+02
1.190000000000000000e+02 3.146934728593965929e+02
1.184414414414414409e+02 3.140608197981720764e+02
1.180000000000000000e+02 3.134843492099367950e+02
1.176538461538461320e+02 3.130608197981720764e+02
1.170000000000000000e+02 3.121163753537276193e+02
1.169569892473118387e+02 3.120608197981720764e+02
1.162343750000000000e+02 3.110608197981720764e+02
1.160000000000000000e+02 3.106660829560668162e+02
1.155779816513761489e+02 3.100608197981720764e+02
1.150137931034482790e+02 3.090608197981720764e+02
1.150000000000000000e+02 3.090364295542696027e+02
1.143984962406015029e+02 3.080608197981720764e+02
1.140000000000000000e+02 3.072195499569022559e+02
1.139099099099099135e+02 3.070608197981720764e+02
1.133680555555555713e+02 3.060608197981720764e+02
1.130000000000000000e+02 3.052814080334661639e+02
1.128695652173912833e+02 3.050608197981720764e+02
1.123087248322147786e+02 3.040608197981720764e+02
1.120000000000000000e+02 3.034555566402773366e+02
1.117500000000000000e+02 3.030608197981720764e+02
1.112151898734177280e+02 3.020608197981720764e+02
1.110000000000000000e+02 3.015950663735145554e+02
1.106854838709677438e+02 3.010608197981720764e+02
1.102012578616352414e+02 3.000608197981720764e+02
1.100000000000000000e+02 2.996224636337885272e+02
1.096639344262295026e+02 2.990608197981720764e+02
1.091518987341771947e+02 2.980608197981720764e+02
1.090000000000000000e+02 2.977320526748844145e+02
1.086048387096774093e+02 2.970608197981720764e+02
1.081623376623376487e+02 2.960608197981720764e+02
1.080000000000000000e+02 2.956222233069439653e+02
1.077241379310344769e+02 2.950608197981720764e+02
1.072937062937062933e+02 2.940608197981720764e+02
1.070000000000000000e+02 2.932036769410292436e+02
1.069333333333333371e+02 2.930608197981720764e+02
1.065271317829457303e+02 2.920608197981720764e+02
